-4  2.559467e+00
-3.97917  3.061830e+00
-3.95833  3.458641e+00
-3.9375  3.729510e+00
-3.91667  3.860610e+00
-3.89583  3.845413e+00
-3.875  3.684993e+00
-3.85417  3.387893e+00
-3.83333  2.969561e+00
-3.8125  2.451408e+00
-3.79167  1.859547e+00
-3.77083  1.223276e+00
-3.75  5.734126e-01
-3.72917 -5.944320e-02
-3.70833 -6.466080e-01
-3.6875 -1.162890e+00
-3.66667 -1.587944e+00
-3.64583 -1.907337e+00
-3.625 -2.113253e+00
-3.60417 -2.204803e+00
-3.58333 -2.187912e+00
-3.5625 -2.074789e+00
-3.54167 -1.883014e+00
-3.52083 -1.634282e+00
-3.5 -1.352889e+00
-3.47917 -1.064061e+00
-3.45833 -7.922113e-01
-3.4375 -5.592719e-01
-3.41667 -3.831825e-01
-3.39583 -2.766642e-01
-3.375 -2.463535e-01
-3.35417 -2.923643e-01
-3.33333 -4.083111e-01
-3.3125 -5.817947e-01
-3.29167 -7.953186e-01
-3.27083 -1.027571e+00
-3.25 -1.254984e+00
-3.22917 -1.453455e+00
-3.20833 -1.600109e+00
-3.1875 -1.674977e+00
-3.16667 -1.662471e+00
-3.14583 -1.552551e+00
-3.125 -1.341508e+00
-3.10417 -1.032315e+00
-3.08333 -6.345199e-01
-3.0625 -1.637084e-01
-3.04167  3.594313e-01
-3.02083  9.103631e-01
-3  1.462190e+00
-2.97917  1.987272e+00
-2.95833  2.458865e+00
-2.9375  2.852688e+00
-2.91667  3.148308e+00
-2.89583  3.330279e+00
-2.875  3.388979e+00
-2.85417  3.321087e+00
-2.83333  3.129701e+00
-2.8125  2.824106e+00
-2.79167  2.419192e+00
-2.77083  1.934588e+00
-2.75  1.393545e+00
-2.72917  8.216514e-01
-2.70833  2.454315e-01
-2.6875 -3.090853e-01
-2.66667 -8.177523e-01
-2.64583 -1.259579e+00
-2.625 -1.617821e+00
-2.60417 -1.880826e+00
-2.58333 -2.042588e+00
-2.5625 -2.102976e+00
-2.54167 -2.067618e+00
-2.52083 -1.947445e+00
-2.5 -1.757911e+00
-2.47917 -1.517932e+00
-2.45833 -1.248621e+00
-2.4375 -9.718619e-01
-2.41667 -7.088522e-01
-2.39583 -4.786798e-01
-2.375 -2.970469e-01
-2.35417 -1.752249e-01
-2.33333 -1.193153e-01
-2.3125 -1.298739e-01
-2.29167 -2.019255e-01
-2.27083 -3.253726e-01
-2.25 -4.857693e-01
-2.22917 -6.654060e-01
-2.20833 -8.446269e-01
-2.1875 -1.003283e+00
-2.16667 -1.122218e+00
-2.14583 -1.184677e+00
-2.125 -1.177537e+00
-2.10417 -1.092282e+00
-2.08333 -9.256460e-01
-2.0625 -6.798939e-01
-2.04167 -3.627264e-01
-2.02083  1.317691e-02
-2  4.309345e-01
-1.97917  8.704987e-01
-1.95833  1.309876e+00
-1.9375  1.726446e+00
-1.91667  2.098297e+00
-1.89583  2.405491e+00
-1.875  2.631191e+00
-1.85417  2.762586e+00
-1.83333  2.791580e+00
-1.8125  2.715201e+00
-1.79167  2.535730e+00
-1.77083  2.260555e+00
-1.75  1.901752e+00
-1.72917  1.475441e+00
-1.70833  1.000929e+00
-1.6875  4.997126e-01
-1.66667 -5.640941e-03
-1.64583 -4.926545e-01
-1.625 -9.401029e-01
-1.60417 -1.329113e+00
-1.58333 -1.644145e+00
-1.5625 -1.873803e+00
-1.54167 -2.011424e+00
-1.52083 -2.055412e+00
-1.5 -2.009286e+00
-1.47917 -1.881424e+00
-1.45833 -1.684525e+00
-1.4375 -1.434798e+00
-1.41667 -1.150926e+00
-1.39583 -8.528675e-01
-1.375 -5.605678e-01
-1.35417 -2.926663e-01
-1.33333 -6.528605e-02
-1.3125  1.090078e-01
-1.29167  2.220062e-01
-1.27083  2.703515e-01
-1.25  2.556929e-01
-1.22917  1.844889e-01
-1.20833  6.747093e-02
-1.1875 -8.119160e-02
-1.16667 -2.449631e-01
-1.14583 -4.061705e-01
-1.125 -5.472982e-01
-1.10417 -6.522552e-01
-1.08333 -7.075247e-01
-1.0625 -7.031172e-01
-1.04167 -6.332660e-01
-1.02083 -4.968238e-01
-1 -2.973435e-01
-0.979167 -4.284846e-02
-0.958333  2.546812e-01
-0.9375  5.800627e-01
-0.916667  9.158465e-01
-0.895833  1.243372e+00
-0.875  1.543871e+00
-0.854167  1.799560e+00
-0.833333  1.994658e+00
-0.8125  2.116274e+00
-0.791667  2.155131e+00
-0.770833  2.106098e+00
-0.75  1.968492e+00
-0.729167  1.746168e+00
-0.708333  1.447363e+00
-0.6875  1.084336e+00
-0.666667  6.727909e-01
-0.645833  2.311180e-01
-0.625 -2.205106e-01
-0.604167 -6.611634e-01
-0.583333 -1.070237e+00
-0.5625 -1.428554e+00
-0.541667 -1.719425e+00
-0.520833 -1.929593e+00
-0.5 -2.050020e+00
-0.479167 -2.076458e+00
-0.458333 -2.009743e+00
-0.4375 -1.855802e+00
-0.416667 -1.625344e+00
-0.395833 -1.333254e+00
-0.375 -9.976972e-01
-0.354167 -6.390172e-01
-0.333333 -2.784626e-01
-0.3125  6.315166e-02
-0.291667  3.667662e-01
-0.270833  6.162869e-01
-0.25  7.995963e-01
-0.229167  9.092920e-01
-0.208333  9.431013e-01
-0.1875  9.039395e-01
-0.166667  7.996124e-01
-0.145833  6.421862e-01
-0.125  4.470740e-01
-0.104167  2.319095e-01
-0.0833333  1.528992e-02
-0.0625 -1.845191e-01
-0.0416667 -3.508277e-01
-0.0208333 -4.696310e-01
0 -5.305123e-01
0.0208333 -5.272896e-01
0.0416667 -4.583720e-01
0.0625 -3.268141e-01
0.0833333 -1.400787e-01
0.104167  9.046685e-02
0.125  3.502803e-01
0.145833  6.225494e-01
0.166667  8.892151e-01
0.1875  1.132054e+00
0.208333  1.333764e+00
0.229167  1.478992e+00
0.25  1.555261e+00
0.270833  1.553745e+00
0.291667  1.469858e+00
0.3125  1.303627e+00
0.333333  1.059822e+00
0.354167  7.478339e-01
0.375  3.812956e-01
0.395833 -2.254561e-02
0.416667 -4.436819e-01
0.4375 -8.603910e-01
0.458333 -1.250426e+00
0.479167 -1.592286e+00
0.5 -1.866502e+00
0.520833 -2.056846e+00
0.541667 -2.151402e+00
0.5625 -2.143404e+00
0.583333 -2.031785e+00
0.604167 -1.821387e+00
0.625 -1.522796e+00
0.645833 -1.151800e+00
0.666667 -7.284996e-01
0.6875 -2.761162e-01
0.708333  1.804285e-01
0.729167  6.160629e-01
0.75  1.007143e+00
0.770833  1.332946e+00
0.791667  1.576969e+00
0.8125  1.727956e+00
0.833333  1.780556e+00
0.854167  1.735591e+00
0.875  1.599912e+00
0.895833  1.385846e+00
0.916667  1.110293e+00
0.9375  7.935432e-01
0.958333  4.578827e-01
0.979167  1.261098e-01
1 -1.799526e-01
1.02083 -4.408438e-01
1.04167 -6.406661e-01
1.0625 -7.680300e-01
1.08333 -8.166925e-01
1.10417 -7.858602e-01
1.125 -6.801503e-01
1.14583 -5.092224e-01
1.16667 -2.871136e-01
1.1875 -3.132053e-02
1.20833  2.383130e-01
1.22917  5.008388e-01
1.25  7.355100e-01
1.27083  9.230780e-01
1.29167  1.047012e+00
1.3125  1.094580e+00
1.33333  1.057720e+00
1.35417  9.336661e-01
1.375  7.252757e-01
1.39583  4.410319e-01
1.41667  9.471218e-02
1.4375 -2.952763e-01
1.45833 -7.068699e-01
1.47917 -1.115586e+00
1.5 -1.495963e+00
1.52083 -1.823121e+00
1.54167 -2.074351e+00
1.5625 -2.230631e+00
1.58333 -2.277962e+00
1.60417 -2.208429e+00
1.625 -2.020905e+00
1.64583 -1.721332e+00
1.66667 -1.322543e+00
1.6875 -8.436300e-01
1.70833 -3.088780e-01
1.72917  2.536701e-01
1.75  8.139191e-01
1.77083  1.341592e+00
1.79167  1.808133e+00
1.8125  2.188511e+00
1.83333  2.462797e+00
1.85417  2.617409e+00
1.875  2.645935e+00
1.89583  2.549477e+00
1.91667  2.336501e+00
1.9375  2.022214e+00
1.95833  1.627501e+00
1.97917  1.177518e+00
2  7.000342e-01
2.02083  2.236374e-01
2.04167 -2.240725e-01
2.0625 -6.181892e-01
2.08333 -9.379959e-01
2.10417 -1.168166e+00
2.125 -1.299599e+00
2.14583 -1.329857e+00
2.16667 -1.263178e+00
2.1875 -1.110081e+00
2.20833 -8.865988e-01
2.22917 -6.131806e-01
2.25 -3.133432e-01
2.27083 -1.214347e-02
2.29167  2.654367e-01
2.3125  4.961031e-01
2.33333  6.597678e-01
2.35417  7.408877e-01
2.375  7.295423e-01
2.39583  6.221872e-01
2.41667  4.220269e-01
2.4375  1.389790e-01
2.45833 -2.107855e-01
2.47917 -6.057102e-01
2.5 -1.020092e+00
2.52083 -1.425629e+00
2.54167 -1.793187e+00
2.5625 -2.094689e+00
2.58333 -2.304995e+00
2.60417 -2.403664e+00
2.625 -2.376461e+00
2.64583 -2.216504e+00
2.66667 -1.924966e+00
2.6875 -1.511257e+00
2.70833 -9.926665e-01
2.72917 -3.934691e-01
2.75  2.564497e-01
2.77083  9.233739e-01
2.79167  1.571820e+00
2.8125  2.166750e+00
2.83333  2.675776e+00
2.85417  3.071211e+00
2.875  3.331823e+00
2.89583  3.444166e+00
2.91667  3.403405e+00
2.9375  3.213569e+00
2.95833  2.887239e+00
2.97917  2.444674e+00
3  1.912464e+00
3.02083  1.321784e+00
3.04167  7.063974e-01
3.0625  1.005176e-01
3.08333 -4.633097e-01
3.10417 -9.561784e-01
3.125 -1.354524e+00
3.14583 -1.641452e+00
3.16667 -1.807629e+00
3.1875 -1.851675e+00
3.20833 -1.780063e+00
3.22917 -1.606533e+00
3.25 -1.351066e+00
3.27083 -1.038488e+00
3.29167 -6.967934e-01
3.3125 -3.552898e-01
3.33333 -4.266733e-02
3.35417  2.148831e-01
3.375  3.954005e-01
3.39583  4.826280e-01
3.41667  4.671411e-01
3.4375  3.470589e-01
3.45833  1.282870e-01
3.47917 -1.757307e-01
3.5 -5.447502e-01
3.52083 -9.529206e-01
3.54167 -1.370373e+00
3.5625 -1.765114e+00
3.58333 -2.105117e+00
3.60417 -2.360471e+00
3.625 -2.505465e+00
3.64583 -2.520448e+00
3.66667 -2.393352e+00
3.6875 -2.120747e+00
3.70833 -1.708361e+00
3.72917 -1.170997e+00
3.75 -5.318448e-01
3.77083  1.787763e-01
3.79167  9.251800e-01
3.8125  1.668463e+00
3.83333  2.368905e+00
3.85417  2.988452e+00
3.875  3.493124e+00
3.89583  3.855170e+00
3.91667  4.054827e+00
3.9375  4.081570e+00
3.95833  3.934752e+00
3.97917  3.623607e+00
4  3.166616e+00
4.02083  2.590282e+00
4.04167  1.927403e+00
4.0625  1.214971e+00
4.08333  4.918260e-01
4.10417 -2.037549e-01
4.125 -8.363989e-01
4.14583 -1.375743e+00
4.16667 -1.798182e+00
4.1875 -2.088155e+00
4.20833 -2.238901e+00
4.22917 -2.252643e+00
4.25 -2.140212e+00
4.27083 -1.920134e+00
4.29167 -1.617261e+00
4.3125 -1.261017e+00
4.33333 -8.833973e-01
4.35417 -5.168178e-01
4.375 -1.919650e-01
4.39583  6.423338e-02
4.41667  2.303943e-01
4.4375  2.921134e-01
4.45833  2.429596e-01
4.47917  8.496585e-02
4.5 -1.714184e-01
4.52083 -5.079196e-01
4.54167 -8.995483e-01
4.5625 -1.316166e+00
4.58333 -1.724422e+00
4.60417 -2.089943e+00
4.625 -2.379644e+00
4.64583 -2.564019e+00
4.66667 -2.619245e+00
4.6875 -2.528975e+00
4.70833 -2.285681e+00
4.72917 -1.891444e+00
4.75 -1.358131e+00
4.77083 -7.069264e-01
4.79167  3.276805e-02
4.8125  8.249956e-01
4.83333  1.629378e+00
4.85417  2.403578e+00
4.875  3.105923e+00
4.89583  3.698031e+00
4.91667  4.147238e+00
4.9375  4.428677e+00
4.95833  4.526858e+00
4.97917  4.436645e+00
5  4.163563e+00
5.02083  3.723414e+00
5.04167  3.141235e+00
5.0625  2.449672e+00
5.08333  1.686886e+00
5.10417  8.941298e-01
5.125  1.131700e-01
5.14583 -6.162838e-01
5.16667 -1.258970e+00
5.1875 -1.786133e+00
5.20833 -2.177134e+00
5.22917 -2.420499e+00
5.25 -2.514381e+00
5.27083 -2.466387e+00
5.29167 -2.292823e+00
5.3125 -2.017399e+00
5.33333 -1.669492e+00
5.35417 -1.282086e+00
5.375 -8.895120e-01
5.39583 -5.251403e-01
5.41667 -2.191602e-01
5.4375  3.416795e-03
5.45833  1.244084e-01
5.47917  1.336698e-01
5.5  2.978366e-02
5.52083 -1.798107e-01
5.54167 -4.792611e-01
5.5625 -8.452971e-01
5.58333 -1.248719e+00
5.60417 -1.656299e+00
5.625 -2.032971e+00
5.64583 -2.344197e+00
5.66667 -2.558332e+00
5.6875 -2.648864e+00
5.70833 -2.596362e+00
5.72917 -2.390005e+00
5.75 -2.028582e+00
5.77083 -1.520878e+00
5.79167 -8.854105e-01
5.8125 -1.495259e-01
5.83333  6.521158e-01
5.85417  1.479561e+00
5.875  2.289967e+00
5.89583  3.040243e+00
5.91667  3.689735e+00
5.9375  4.202793e+00
5.95833  4.551035e+00
5.97917  4.715154e+00
6  4.686148e+00
6.02083  4.465884e+00
6.04167  4.066959e+00
6.0625  3.511874e+00
6.08333  2.831572e+00
6.10417  2.063452e+00
6.125  1.248991e+00
6.14583  4.311284e-01
6.16667 -3.483864e-01
6.1875 -1.051536e+00
6.20833 -1.646284e+00
6.22917 -2.108396e+00
6.25 -2.422719e+00
6.27083 -2.583861e+00
6.29167 -2.596219e+00
6.3125 -2.473395e+00
6.33333 -2.237024e+00
6.35417 -1.915124e+00
6.375 -1.540074e+00
6.39583 -1.146347e+00
6.41667 -7.681629e-01
6.4375 -4.371878e-01
6.45833 -1.804377e-01
6.47917 -1.850607e-02
6.5  3.577750e-02
6.52083 -2.182256e-02
6.54167 -1.866771e-01
6.5625 -4.455967e-01
6.58333 -7.776940e-01
6.60417 -1.155752e+00
6.625 -1.548018e+00
6.64583 -1.920312e+00
6.66667 -2.238330e+00
6.6875 -2.469986e+00
6.70833 -2.587657e+00
6.72917 -2.570176e+00
6.75 -2.404451e+00
6.77083 -2.086583e+00
6.79167 -1.622410e+00
6.8125 -1.027424e+00
6.83333 -3.260610e-01
6.85417  4.496202e-01
6.875  1.261774e+00
6.89583  2.069022e+00
6.91667  2.828974e+00
6.9375  3.500854e+00
6.95833  4.048060e+00
6.97917  4.440478e+00
7  4.656402e+00
7.02083  4.683914e+00
7.04167  4.521647e+00
7.0625  4.178859e+00
7.08333  3.674830e+00
7.10417  3.037613e+00
7.125  2.302227e+00
7.14583  1.508424e+00
7.16667  6.981806e-01
7.1875 -8.692590e-02
7.20833 -8.082599e-01
7.22917 -1.432440e+00
7.25 -1.933266e+00
7.27083 -2.293134e+00
7.29167 -2.503877e+00
7.3125 -2.566966e+00
7.33333 -2.493092e+00
7.35417 -2.301158e+00
7.375 -2.016776e+00
7.39583 -1.670357e+00
7.41667 -1.294942e+00
7.4375 -9.239191e-01
7.45833 -5.887539e-01
7.47917 -3.169004e-01
7.5 -1.300036e-01
7.52083 -4.250713e-02
7.54167 -6.074523e-02
7.5625 -1.825709e-01
7.58333 -3.975370e-01
7.60417 -6.876171e-01
7.625 -1.028420e+00
7.64583 -1.390820e+00
7.66667 -1.742909e+00
7.6875 -2.052149e+00
7.70833 -2.287581e+00
7.72917 -2.421980e+00
7.75 -2.433784e+00
7.77083 -2.308704e+00
7.79167 -2.040886e+00
7.8125 -1.633546e+00
7.83333 -1.099038e+00
7.85417 -4.583186e-01
7.875  2.601438e-01
7.89583  1.021982e+00
7.91667  1.788946e+00
7.9375  2.521215e+00
7.95833  3.179842e+00
7.97917  3.729185e+00
8  4.139149e+00
8.02083  4.387101e+00
8.04167  4.459312e+00
8.0625  4.351840e+00
8.08333  4.070779e+00
8.10417  3.631866e+00
8.125  3.059464e+00
8.14583  2.384998e+00
8.16667  1.644947e+00
8.1875  8.785324e-01
8.20833  1.252589e-01
8.22917 -5.775206e-01
8.25 -1.196860e+00
8.27083 -1.706140e+00
8.29167 -2.086543e+00
8.3125 -2.327980e+00
8.33333 -2.429427e+00
8.35417 -2.398674e+00
8.375 -2.251496e+00
8.39583 -2.010334e+00
8.41667 -1.702577e+00
8.4375 -1.358567e+00
8.45833 -1.009468e+00
8.47917 -6.851324e-01
8.5 -4.121092e-01
8.52083 -2.119072e-01
8.54167 -9.962640e-02
8.5625 -8.302911e-02
8.58333 -1.621044e-01
8.60417 -3.291429e-01
8.625 -5.693125e-01
8.64583 -8.616925e-01
8.66667 -1.180701e+00
8.6875 -1.497826e+00
8.70833 -1.783551e+00
8.72917 -2.009364e+00
8.75 -2.149716e+00
8.77083 -2.183818e+00
8.79167 -2.097152e+00
8.8125 -1.882611e+00
8.83333 -1.541173e+00
8.85417 -1.082078e+00
8.875 -5.224673e-01
8.89583  1.134829e-01
8.91667  7.959052e-01
8.9375  1.490973e+00
8.95833  2.162920e+00
8.97917  2.776222e+00
9  3.297795e+00
9.02083  3.699075e+00
9.04167  3.957823e+00
9.0625  4.059550e+00
9.08333  3.998453e+00
9.10417  3.777794e+00
9.125  3.409697e+00
9.14583  2.914378e+00
9.16667  2.318850e+00
9.1875  1.655202e+00
9.20833  9.585630e-01
9.22917  2.648965e-01
9.25 -3.912301e-01
9.27083 -9.787437e-01
9.29167 -1.471897e+00
9.3125 -1.851712e+00
9.33333 -2.106946e+00
9.35417 -2.234536e+00
9.375 -2.239480e+00
9.39583 -2.134215e+00
9.41667 -1.937511e+00
9.4375 -1.672990e+00
9.45833 -1.367373e+00
9.47917 -1.048576e+00
9.5 -7.437860e-01
9.52083 -4.776377e-01
9.54167 -2.706111e-01
9.5625 -1.377409e-01
9.58333 -8.771199e-02
9.60417 -1.223880e-01
9.625 -2.367928e-01
9.64583 -4.195361e-01
9.66667 -6.536485e-01
9.6875 -9.177709e-01
9.70833 -1.187619e+00
9.72917 -1.437636e+00
9.75 -1.642725e+00
9.77083 -1.779969e+00
9.79167 -1.830214e+00
9.8125 -1.779444e+00
9.83333 -1.619834e+00
9.85417 -1.350432e+00
9.875 -9.774187e-01
9.89583 -5.139082e-01
9.91667  2.068671e-02
9.9375  6.017092e-01
9.95833  1.200666e+00
9.97917  1.786911e+00
10  2.329493e+00
10.0208  2.799063e+00
10.0417  3.169709e+00
10.0625  3.420595e+00
10.0833  3.537299e+00
10.1042  3.512753e+00
10.125  3.347717e+00
10.1458  3.050752e+00
10.1667  2.637691e+00
10.1875  2.130640e+00
10.2083  1.556580e+00
10.2292  9.456601e-01
10.25  3.293061e-01
10.2708 -2.617330e-01
10.2917 -7.992593e-01
10.3125 -1.259301e+00
10.3333 -1.623473e+00
10.3542 -1.879943e+00
10.375 -2.023938e+00
10.3958 -2.057780e+00
10.4167 -1.990452e+00
10.4375 -1.836740e+00
10.4583 -1.616025e+00
10.4792 -1.350817e+00
10.5 -1.065129e+00
10.5208 -7.828164e-01
10.5417 -5.259759e-01
10.5625 -3.135200e-01
10.5833 -1.600026e-01
10.6042 -7.476392e-02
10.625 -6.143938e-02
10.6458 -1.178494e-01
10.6667 -2.362671e-01
10.6875 -4.040364e-01
10.7083 -6.044962e-01
10.7292 -8.181478e-01
10.75 -1.023993e+00
10.7708 -1.200961e+00
10.7917 -1.329339e+00
10.8125 -1.392122e+00
10.8333 -1.376201e+00
10.8542 -1.273320e+00
10.875 -1.080739e+00
10.8958 -8.015602e-01
10.9167 -4.446974e-01
10.9375 -2.447341e-02
10.9583  4.401297e-01
10.9792  9.265311e-01
11  1.409864e+00
11.0208  1.864460e+00
11.0417  2.265423e+00
11.0625  2.590174e+00
11.0833  2.819890e+00
11.1042  2.940715e+00
11.125  2.944681e+00
11.1458  2.830250e+00
11.1667  2.602457e+00
11.1875  2.272627e+00
11.2083  1.857681e+00
11.2292  1.379086e+00
11.25  8.615084e-01
11.2708  3.312784e-01
11.2917 -1.852479e-01
11.3125 -6.632965e-01
11.3333 -1.081157e+00
11.3542 -1.421429e+00
11.375 -1.671965e+00
11.3958 -1.826433e+00
11.4167 -1.884495e+00
11.4375 -1.851578e+00
11.4583 -1.738286e+00
11.4792 -1.559484e+00
11.5 -1.333155e+00
11.5208 -1.079084e+00
11.5417 -8.174881e-01
11.5625 -5.676722e-01
11.5833 -3.467984e-01
11.6042 -1.688430e-01
11.625 -4.379842e-02
11.6458  2.283995e-02
11.6667  3.028358e-02
11.6875 -1.764401e-02
11.7083 -1.128893e-01
11.7292 -2.438062e-01
11.75 -3.960030e-01
11.7708 -5.533463e-01
11.7917 -6.990595e-01
11.8125 -8.168531e-01
11.8333 -8.920222e-01
11.8542 -9.124484e-01
11.875 -8.694495e-01
11.8958 -7.584271e-01
11.9167 -5.792700e-01
11.9375 -3.364884e-01
11.9583 -3.906246e-02
11.9792  2.999927e-01
12  6.643253e-01
12.0208  1.035175e+00
12.0417  1.392477e+00
12.0625  1.716081e+00
12.0833  1.987006e+00
12.1042  2.188651e+00
12.125  2.307877e+00
12.1458  2.335900e+00
12.1667  2.268903e+00
12.1875  2.108346e+00
12.2083  1.860935e+00
12.2292  1.538252e+00
12.25  1.156057e+00
12.2708  7.333337e-01
12.2917  2.911100e-01
12.3125 -1.488320e-01
12.3333 -5.652885e-01
12.3542 -9.389075e-01
join
