-5  2.509027e-01
-4.97917  3.155290e-01
-4.95833  2.712238e-01
-4.9375  1.216910e-01
-4.91667 -1.209121e-01
-4.89583 -4.368338e-01
-4.875 -8.001255e-01
-4.85417 -1.180478e+00
-4.83333 -1.545369e+00
-4.8125 -1.862365e+00
-4.79167 -2.101423e+00
-4.77083 -2.237028e+00
-4.75 -2.250023e+00
-4.72917 -2.129000e+00
-4.70833 -1.871172e+00
-4.6875 -1.482673e+00
-4.66667 -9.782529e-01
-4.64583 -3.804247e-01
-4.625  2.819018e-01
-4.60417  9.751846e-01
-4.58333  1.663303e+00
-4.5625  2.309762e+00
-4.54167  2.879907e+00
-4.52083  3.343016e+00
-4.5  3.674125e+00
-4.47917  3.855506e+00
-4.45833  3.877684e+00
-4.4375  3.739960e+00
-4.41667  3.450394e+00
-4.39583  3.025278e+00
-4.375  2.488112e+00
-4.35417  1.868161e+00
-4.33333  1.198675e+00
-4.3125  5.148920e-01
-4.29167 -1.480803e-01
-4.27083 -7.573496e-01
-4.25 -1.284182e+00
-4.22917 -1.705679e+00
-4.20833 -2.006078e+00
-4.1875 -2.177608e+00
-4.16667 -2.220824e+00
-4.14583 -2.144419e+00
-4.125 -1.964501e+00
-4.10417 -1.703389e+00
-4.08333 -1.388005e+00
-4.0625 -1.047956e+00
-4.04167 -7.134486e-01
-4.02083 -4.131578e-01
-4 -1.722084e-01
-3.97917 -1.040505e-02
-3.95833  5.916541e-02
-3.9375  3.105884e-02
-3.91667 -9.214082e-02
-3.89583 -3.000052e-01
-3.875 -5.750027e-01
-3.85417 -8.937461e-01
-3.83333 -1.228659e+00
-3.8125 -1.549944e+00
-3.79167 -1.827710e+00
-3.77083 -2.034114e+00
-3.75 -2.145367e+00
-3.72917 -2.143454e+00
-3.70833 -2.017472e+00
-3.6875 -1.764472e+00
-3.66667 -1.389778e+00
-3.64583 -9.067399e-01
-3.625 -3.359701e-01
-3.60417  2.958994e-01
-3.58333  9.578389e-01
-3.5625  1.616315e+00
-3.54167  2.237331e+00
-3.52083  2.788480e+00
-3.5  3.240879e+00
-3.47917  3.570875e+00
-3.45833  3.761411e+00
-3.4375  3.802982e+00
-3.41667  3.694133e+00
-3.39583  3.441467e+00
-3.375  3.059180e+00
-3.35417  2.568161e+00
-3.33333  1.994697e+00
-3.3125  1.368887e+00
-3.29167  7.228499e-01
-3.27083  8.882614e-02
-3.25 -5.026979e-01
-3.22917 -1.024746e+00
-3.20833 -1.455379e+00
-3.1875 -1.778899e+00
-3.16667 -1.986665e+00
-3.14583 -2.077460e+00
-3.125 -2.057396e+00
-3.10417 -1.939345e+00
-3.08333 -1.741952e+00
-3.0625 -1.488264e+00
-3.04167 -1.204087e+00
-3.02083 -9.161620e-01
-3 -6.502777e-01
-2.97917 -4.294631e-01
-2.95833 -2.723676e-01
-2.9375 -1.919485e-01
-2.91667 -1.945591e-01
-2.89583 -2.795019e-01
-2.875 -4.390816e-01
-2.85417 -6.591575e-01
-2.83333 -9.201571e-01
-2.8125 -1.198481e+00
-2.79167 -1.468200e+00
-2.77083 -1.702924e+00
-2.75 -1.877714e+00
-2.72917 -1.970890e+00
-2.70833 -1.965628e+00
-2.6875 -1.851214e+00
-2.66667 -1.623890e+00
-2.64583 -1.287216e+00
-2.625 -8.519525e-01
-2.60417 -3.354541e-01
-2.58333  2.393605e-01
-2.5625  8.453972e-01
-2.54167  1.453033e+00
-2.52083  2.031907e+00
-2.5  2.552741e+00
-2.47917  2.989073e+00
-2.45833  3.318797e+00
-2.4375  3.525413e+00
-2.41667  3.598936e+00
-2.39583  3.536393e+00
-2.375  3.341909e+00
-2.35417  3.026377e+00
-2.33333  2.606740e+00
-2.3125  2.104948e+00
-2.29167  1.546630e+00
-2.27083  9.595989e-01
-2.25  3.722365e-01
-2.22917 -1.881119e-01
-2.20833 -6.966663e-01
-2.1875 -1.132567e+00
-2.16667 -1.479978e+00
-2.14583 -1.728886e+00
-2.125 -1.875530e+00
-2.10417 -1.922460e+00
-2.08333 -1.878192e+00
-2.0625 -1.756510e+00
-2.04167 -1.575428e+00
-2.02083 -1.355892e+00
-2 -1.120295e+00
-1.97917 -8.909136e-01
-1.95833 -6.883417e-01
-1.9375 -5.300596e-01
-1.91667 -4.292101e-01
-1.89583 -3.936822e-01
-1.875 -4.255623e-01
-1.85417 -5.209975e-01
-1.83333 -6.704819e-01
-1.8125 -8.595484e-01
-1.79167 -1.069821e+00
-1.77083 -1.280350e+00
-1.75 -1.469141e+00
-1.72917 -1.614763e+00
-1.70833 -1.697925e+00
-1.6875 -1.702908e+00
-1.66667 -1.618749e+00
-1.64583 -1.440097e+00
-1.625 -1.167690e+00
-1.60417 -8.084096e-01
-1.58333 -3.749306e-01
-1.5625  1.150146e-01
-1.54167  6.396962e-01
-1.52083  1.174695e+00
-1.5  1.694367e+00
-1.47917  2.173370e+00
-1.45833  2.588143e+00
-1.4375  2.918258e+00
-1.41667  3.147563e+00
-1.39583  3.265048e+00
-1.375  3.265393e+00
-1.35417  3.149185e+00
-1.33333  2.922787e+00
-1.3125  2.597899e+00
-1.29167  2.190821e+00
-1.27083  1.721489e+00
-1.25  1.212332e+00
-1.22917  6.870120e-01
-1.20833  1.691344e-01
-1.1875 -3.190224e-01
-1.16667 -7.576760e-01
-1.14583 -1.130552e+00
-1.125 -1.425686e+00
-1.10417 -1.635963e+00
-1.08333 -1.759385e+00
-1.0625 -1.799023e+00
-1.04167 -1.762679e+00
-1.02083 -1.662257e+00
-1 -1.512896e+00
-0.979167 -1.331894e+00
-0.958333 -1.137509e+00
-0.9375 -9.476950e-01
-0.916667 -7.788696e-01
-0.895833 -6.447827e-01
-0.875 -5.555728e-01
-0.854167 -5.170745e-01
-0.833333 -5.304291e-01
-0.8125 -5.920285e-01
-0.791667 -6.938005e-01
-0.770833 -8.238167e-01
-0.75 -9.671812e-01
-0.729167 -1.107139e+00
-0.708333 -1.226321e+00
-0.6875 -1.308041e+00
-0.666667 -1.337543e+00
-0.645833 -1.303120e+00
-0.625 -1.197013e+00
-0.604167 -1.016039e+00
-0.583333 -7.619036e-01
-0.5625 -4.411759e-01
-0.541667 -6.494416e-02
-0.520833  3.518262e-01
-0.5  7.911768e-01
-0.479167  1.233220e+00
-0.458333  1.657306e+00
-0.4375  2.043218e+00
-0.416667  2.372315e+00
-0.395833  2.628564e+00
-0.375  2.799395e+00
-0.354167  2.876344e+00
-0.333333  2.855452e+00
-0.3125  2.737417e+00
-0.291667  2.527487e+00
-0.270833  2.235129e+00
-0.25  1.873481e+00
-0.229167  1.458638e+00
-0.208333  1.008803e+00
-0.1875  5.433392e-01
-0.166667  8.179492e-02
-0.145833 -3.570808e-01
-0.125 -7.562646e-01
-0.104167 -1.101292e+00
-0.0833333 -1.380952e+00
-0.0625 -1.587809e+00
-0.0416667 -1.718514e+00
-0.0208333 -1.773900e+00
0 -1.758833e+00
0.0208333 -1.681829e+00
0.0416667 -1.554458e+00
0.0625 -1.390559e+00
0.0833333 -1.205308e+00
0.104167 -1.014204e+00
0.125 -8.320328e-01
0.145833 -6.718742e-01
0.166667 -5.442274e-01
0.1875 -4.563149e-01
0.208333 -4.116161e-01
0.229167 -4.096678e-01
0.25 -4.461469e-01
0.270833 -5.132332e-01
0.291667 -6.002243e-01
0.3125 -6.943605e-01
0.333333 -7.817958e-01
0.354167 -8.486465e-01
0.375 -8.820375e-01
0.395833 -8.710733e-01
0.416667 -8.076626e-01
0.4375 -6.871432e-01
0.458333 -5.086658e-01
0.479167 -2.753180e-01
0.5  6.014017e-03
0.520833  3.250271e-01
0.541667  6.685933e-01
0.5625  1.021517e+00
0.583333  1.367401e+00
0.604167  1.689574e+00
0.625  1.972005e+00
0.645833  2.200178e+00
0.666667  2.361860e+00
0.6875  2.447741e+00
0.708333  2.451920e+00
0.729167  2.372206e+00
0.75  2.210247e+00
0.770833  1.971465e+00
0.791667  1.664827e+00
0.8125  1.302433e+00
0.833333  8.989650e-01
0.854167  4.710066e-01
0.875  3.625672e-02
0.895833 -3.873221e-01
0.916667 -7.823894e-01
0.9375 -1.133102e+00
0.958333 -1.425936e+00
0.979167 -1.650401e+00
1 -1.799618e+00
1.02083 -1.870697e+00
1.04167 -1.864898e+00
1.0625 -1.787558e+00
1.08333 -1.647753e+00
1.10417 -1.457737e+00
1.125 -1.232167e+00
1.14583 -9.871583e-01
1.16667 -7.392416e-01
1.1875 -5.042833e-01
1.20833 -2.964448e-01
1.22917 -1.272575e-01
1.25 -4.880676e-03
1.27083  6.640359e-02
1.29167  8.642011e-02
1.3125  5.903886e-02
1.33333 -8.172866e-03
1.35417 -1.045570e-01
1.375 -2.171832e-01
1.39583 -3.318176e-01
1.41667 -4.339700e-01
1.4375 -5.099447e-01
1.45833 -5.478206e-01
1.47917 -5.382970e-01
1.5 -4.753510e-01
1.52083 -3.566697e-01
1.54167 -1.838372e-01
1.5625  3.772667e-02
1.58333  2.990635e-01
1.60417  5.881822e-01
1.625  8.907382e-01
1.64583  1.190842e+00
1.66667  1.471948e+00
1.6875  1.717783e+00
1.70833  1.913255e+00
1.72917  2.045310e+00
1.75  2.103693e+00
1.77083  2.081576e+00
1.79167  1.976023e+00
1.8125  1.788270e+00
1.83333  1.523797e+00
1.85417  1.192182e+00
1.875  8.067358e-01
1.89583  3.839207e-01
1.91667 -5.742896e-02
1.9375 -4.970492e-01
1.95833 -9.143133e-01
1.97917 -1.289368e+00
2 -1.604273e+00
2.02083 -1.844076e+00
2.04167 -1.997749e+00
2.0625 -2.058916e+00
2.08333 -2.026324e+00
2.10417 -1.903991e+00
2.125 -1.701032e+00
2.14583 -1.431145e+00
2.16667 -1.111783e+00
2.1875 -7.630716e-01
2.20833 -4.065242e-01
2.22917 -6.365389e-02
2.25  2.454240e-01
2.27083  5.033014e-01
2.29167  6.964030e-01
2.3125  8.158476e-01
2.33333  8.579836e-01
2.35417  8.245618e-01
2.375  7.225366e-01
2.39583  5.635124e-01
2.41667  3.628816e-01
2.4375  1.387156e-01
2.45833 -8.950625e-02
2.47917 -3.022428e-01
2.5 -4.812180e-01
2.52083 -6.106437e-01
2.54167 -6.782599e-01
2.5625 -6.761329e-01
2.58333 -6.011673e-01
2.60417 -4.553098e-01
2.625 -2.454397e-01
2.64583  1.703895e-02
2.66667  3.168733e-01
2.6875  6.358640e-01
2.70833  9.539410e-01
2.72917  1.250352e+00
2.75  1.504904e+00
2.77083  1.699187e+00
2.79167  1.817720e+00
2.8125  1.848959e+00
2.83333  1.786103e+00
2.85417  1.627657e+00
2.875  1.377704e+00
2.89583  1.045868e+00
2.91667  6.469432e-01
2.9375  2.002074e-01
2.95833 -2.715669e-01
2.97917 -7.433531e-01
3 -1.189304e+00
3.02083 -1.584294e+00
3.04167 -1.905479e+00
3.0625 -2.133775e+00
3.08333 -2.255146e+00
3.10417 -2.261612e+00
3.125 -2.151900e+00
3.14583 -1.931665e+00
3.16667 -1.613267e+00
3.1875 -1.215097e+00
3.20833 -7.604777e-01
3.22917 -2.762284e-01
3.25  2.090394e-01
3.27083  6.667590e-01
3.29167  1.070261e+00
3.3125  1.396506e+00
3.33333  1.627580e+00
3.35417  1.751838e+00
3.375  1.764623e+00
3.39583  1.668514e+00
3.41667  1.473083e+00
3.4375  1.194179e+00
3.45833  8.528152e-01
3.47917  4.737165e-01
3.5  8.364659e-02
3.52083 -2.903732e-01
3.54167 -6.228340e-01
3.5625 -8.913835e-01
3.58333 -1.078240e+00
3.60417 -1.171296e+00
3.625 -1.164843e+00
3.64583 -1.059893e+00
3.66667 -8.640703e-01
3.6875 -5.911096e-01
3.70833 -2.599734e-01
3.72917  1.063375e-01
3.75  4.822168e-01
3.77083  8.410456e-01
3.79167  1.156855e+00
3.8125  1.405965e+00
3.83333  1.568508e+00
3.85417  1.629750e+00
3.875  1.581128e+00
3.89583  1.420944e+00
3.91667  1.154650e+00
3.9375  7.947153e-01
3.95833  3.600496e-01
3.97917 -1.249905e-01
4 -6.319697e-01
4.02083 -1.130048e+00
4.04167 -1.587863e+00
4.0625 -1.975520e+00
4.08333 -2.266540e+00
4.10417 -2.439666e+00
4.125 -2.480379e+00
4.14583 -2.382010e+00
4.16667 -2.146380e+00
4.1875 -1.783878e+00
4.20833 -1.312977e+00
4.22917 -7.592023e-01
4.25 -1.535969e-01
4.27083  4.691996e-01
4.29167  1.073146e+00
4.3125  1.623115e+00
4.33333  2.087161e+00
4.35417  2.438600e+00
4.375  2.657730e+00
4.39583  2.733098e+00
4.41667  2.662204e+00
4.4375  2.451613e+00
4.45833  2.116464e+00
4.47917  1.679409e+00
4.5  1.169077e+00
4.52083  6.181630e-01
4.54167  6.127455e-02
4.5625 -4.673113e-01
4.58333 -9.358333e-01
4.60417 -1.317036e+00
4.625 -1.589836e+00
4.64583 -1.740574e+00
4.66667 -1.763770e+00
4.6875 -1.662362e+00
4.70833 -1.447413e+00
4.72917 -1.137315e+00
4.75 -7.565514e-01
4.77083 -3.340938e-01
4.79167  9.846966e-02
4.8125  5.089586e-01
4.83333  8.666626e-01
4.85417  1.144321e+00
4.875  1.319901e+00
4.89583  1.378077e+00
4.91667  1.311311e+00
4.9375  1.120468e+00
4.95833  8.149254e-01
4.97917  4.121401e-01
5 -6.329025e-02
5.02083 -5.810511e-01
5.04167 -1.106935e+00
5.0625 -1.604969e+00
5.08333 -2.039711e+00
5.10417 -2.378589e+00
5.125 -2.594111e+00
5.14583 -2.665813e+00
5.16667 -2.581794e+00
5.1875 -2.339728e+00
5.20833 -1.947268e+00
5.22917 -1.421793e+00
5.25 -7.895046e-01
5.27083 -8.391574e-02
5.29167  6.561808e-01
5.3125  1.389125e+00
5.33333  2.073028e+00
5.35417  2.668459e+00
