-5 -2.043598e+00
-4.97917 -1.953722e+00
-4.95833 -1.782648e+00
-4.9375 -1.543272e+00
-4.91667 -1.252067e+00
-4.89583 -9.280683e-01
-4.875 -5.916858e-01
-4.85417 -2.634147e-01
-4.83333  3.746840e-02
-4.8125  2.941364e-01
-4.79167  4.932808e-01
-4.77083  6.259431e-01
-4.75  6.880462e-01
-4.72917  6.805868e-01
-4.70833  6.094748e-01
-4.6875  4.850307e-01
-4.66667  3.211816e-01
-4.64583  1.344145e-01
-4.625 -5.743329e-02
-4.60417 -2.364577e-01
-4.58333 -3.859529e-01
-4.5625 -4.915683e-01
-4.54167 -5.422798e-01
-4.52083 -5.311149e-01
-4.5 -4.555888e-01
-4.47917 -3.178340e-01
-4.45833 -1.244270e-01
-4.4375  1.140665e-01
-4.41667  3.837846e-01
-4.39583  6.684504e-01
-4.375  9.503790e-01
-4.35417  1.211549e+00
-4.33333  1.434672e+00
-4.3125  1.604211e+00
-4.29167  1.707284e+00
-4.27083  1.734424e+00
-4.25  1.680152e+00
-4.22917  1.543343e+00
-4.20833  1.327366e+00
-4.1875  1.039997e+00
-4.16667  6.930971e-01
-4.14583  3.020764e-01
-4.125 -1.148471e-01
-4.10417 -5.375575e-01
-4.08333 -9.450842e-01
-4.0625 -1.316729e+00
-4.04167 -1.633223e+00
-4.02083 -1.877839e+00
-4 -2.037412e+00
-3.97917 -2.103178e+00
-3.95833 -2.071387e+00
-3.9375 -1.943631e+00
-3.91667 -1.726856e+00
-3.89583 -1.433037e+00
-3.875 -1.078529e+00
-3.85417 -6.831208e-01
-3.83333 -2.688535e-01
-3.8125  1.413351e-01
-3.79167  5.250369e-01
-3.77083  8.617797e-01
-3.75  1.134312e+00
-3.72917  1.329677e+00
-3.70833  1.439993e+00
-3.6875  1.462893e+00
-3.66667  1.401585e+00
-3.64583  1.264538e+00
-3.625  1.064821e+00
-3.60417  8.191341e-01
-3.58333  5.466279e-01
-3.5625  2.675742e-01
-3.54167  2.000092e-03
-3.52083 -2.316301e-01
-3.5 -4.175945e-01
-3.47917 -5.438832e-01
-3.45833 -6.029023e-01
-3.4375 -5.918781e-01
-3.41667 -5.129475e-01
-3.39583 -3.729417e-01
-3.375 -1.828888e-01
-3.35417  4.272654e-02
-3.33333  2.868953e-01
-3.3125  5.311507e-01
-3.29167  7.567079e-01
-3.27083  9.456169e-01
-3.25  1.081867e+00
-3.22917  1.152386e+00
-3.20833  1.147891e+00
-3.1875  1.063535e+00
-3.16667  8.993201e-01
-3.14583  6.602484e-01
-3.125  3.561962e-01
-3.10417  1.500213e-03
-3.08333 -3.857290e-01
-3.0625 -7.845429e-01
-3.04167 -1.172301e+00
-3.02083 -1.525970e+00
-3 -1.823500e+00
-2.97917 -2.045215e+00
-2.95833 -2.175096e+00
-2.9375 -2.201910e+00
-2.91667 -2.120066e+00
-2.89583 -1.930149e+00
-2.875 -1.639075e+00
-2.85417 -1.259836e+00
-2.83333 -8.108480e-01
-2.8125 -3.149181e-01
-2.79167  2.020916e-01
-2.77083  7.128330e-01
-2.75  1.190160e+00
-2.72917  1.608824e+00
-2.70833  1.947055e+00
-2.6875  2.187922e+00
-2.66667  2.320369e+00
-2.64583  2.339865e+00
-2.625  2.248621e+00
-2.60417  2.055352e+00
-2.58333  1.774631e+00
-2.5625  1.425856e+00
-2.54167  1.031938e+00
-2.52083  6.177736e-01
-2.5  2.086363e-01
-2.47917 -1.714250e-01
-2.45833 -5.010663e-01
-2.4375 -7.629214e-01
-2.41667 -9.445930e-01
-2.39583 -1.039309e+00
-2.375 -1.046219e+00
-2.35417 -9.703159e-01
-2.33333 -8.220099e-01
-2.3125 -6.163808e-01
-2.29167 -3.721616e-01
-2.27083 -1.105158e-01
-2.25  1.463214e-01
-2.22917  3.764610e-01
-2.20833  5.597609e-01
-2.1875  6.791326e-01
-2.16667  7.216811e-01
-2.14583  6.796132e-01
-2.125  5.508577e-01
-2.10417  3.393560e-01
-2.08333  5.499232e-02
-2.0625 -2.868423e-01
-2.04167 -6.660448e-01
-2.02083 -1.058919e+00
-2 -1.439566e+00
-1.97917 -1.781470e+00
-1.95833 -2.059191e+00
-1.9375 -2.250052e+00
-1.91667 -2.335717e+00
-1.89583 -2.303551e+00
-1.875 -2.147645e+00
-1.85417 -1.869449e+00
-1.83333 -1.477928e+00
-1.8125 -9.892362e-01
-1.79167 -4.258956e-01
-1.77083  1.844598e-01
-1.75  8.107108e-01
-1.72917  1.420139e+00
-1.70833  1.980449e+00
-1.6875  2.461788e+00
-1.66667  2.838619e+00
-1.64583  3.091326e+00
-1.625  3.207428e+00
-1.60417  3.182335e+00
-1.58333  3.019576e+00
-1.5625  2.730513e+00
-1.54167  2.333539e+00
-1.52083  1.852848e+00
-1.5  1.316845e+00
-1.47917  7.563172e-01
-1.45833  2.024972e-01
-1.4375 -3.148699e-01
-1.41667 -7.693179e-01
-1.39583 -1.139206e+00
-1.375 -1.408928e+00
-1.35417 -1.569727e+00
-1.33333 -1.620058e+00
-1.3125 -1.565511e+00
-1.29167 -1.418296e+00
-1.27083 -1.196327e+00
-1.25 -9.219800e-01
-1.22917 -6.205899e-01
-1.20833 -3.187780e-01
-1.1875 -4.271254e-02
-1.16667  1.836043e-01
-1.14583  3.399203e-01
-1.125  4.110982e-01
-1.10417  3.881788e-01
-1.08333  2.690743e-01
-1.0625  5.884367e-02
-1.04167 -2.304781e-01
-1.02083 -5.804994e-01
-1 -9.675164e-01
-0.979167 -1.363933e+00
-0.958333 -1.739978e+00
-0.9375 -2.065622e+00
-0.916667 -2.312582e+00
-0.895833 -2.456269e+00
-0.875 -2.477577e+00
-0.854167 -2.364348e+00
-0.833333 -2.112443e+00
-0.8125 -1.726304e+00
-0.791667 -1.218965e+00
-0.770833 -6.114916e-01
-0.75  6.812850e-02
-0.729167  7.865773e-01
-0.708333  1.507188e+00
-0.6875  2.192183e+00
-0.666667  2.805015e+00
-0.645833  3.312666e+00
-0.625  3.687722e+00
-0.604167  3.910106e+00
-0.583333  3.968336e+00
-0.5625  3.860220e+00
-0.541667  3.592957e+00
-0.520833  3.182631e+00
-0.5  2.653138e+00
-0.479167  2.034631e+00
-0.458333  1.361587e+00
-0.4375  6.706301e-01
-0.416667 -1.740448e-03
-0.395833 -6.213701e-01
-0.375 -1.158478e+00
-0.354167 -1.589365e+00
-0.333333 -1.897715e+00
-0.3125 -2.075391e+00
-0.291667 -2.122728e+00
-0.270833 -2.048278e+00
-0.25 -1.868058e+00
-0.229167 -1.604350e+00
-0.208333 -1.284133e+00
-0.1875 -9.372403e-01
-0.166667 -5.943680e-01
-0.145833 -2.850376e-01
-0.125 -3.564618e-02
-0.104167  1.322871e-01
-0.0833333  2.035710e-01
-0.0625  1.704005e-01
-0.0416667  3.295594e-02
-0.0208333 -2.005021e-01
0 -5.140549e-01
0.0208333 -8.850515e-01
0.0416667 -1.285493e+00
0.0625 -1.683799e+00
0.0833333 -2.046857e+00
0.104167 -2.342228e+00
0.125 -2.540372e+00
0.145833 -2.616751e+00
0.166667 -2.553659e+00
0.1875 -2.341654e+00
0.208333 -1.980487e+00
0.229167 -1.479443e+00
0.25 -8.570563e-01
0.270833 -1.402115e-01
0.291667  6.373376e-01
0.3125  1.436930e+00
0.333333  2.217326e+00
0.354167  2.937239e+00
0.375  3.557916e+00
0.395833  4.045573e+00
0.416667  4.373539e+00
0.4375  4.523938e+00
0.458333  4.488822e+00
0.479167  4.270648e+00
0.5  3.882100e+00
0.520833  3.345241e+00
0.541667  2.690091e+00
0.5625  1.952694e+00
0.583333  1.172842e+00
0.604167  3.915900e-01
0.625 -3.512652e-01
0.645833 -1.019579e+00
0.666667 -1.582978e+00
0.6875 -2.018562e+00
0.708333 -2.312117e+00
0.729167 -2.458737e+00
0.75 -2.462863e+00
0.770833 -2.337731e+00
0.791667 -2.104278e+00
0.8125 -1.789592e+00
0.833333 -1.425001e+00
0.854167 -1.043924e+00
0.875 -6.796211e-01
0.895833 -3.629847e-01
0.916667 -1.204878e-01
0.9375  2.756882e-02
0.958333  6.841453e-02
0.979167 -2.312766e-03
1 -1.802252e-01
1.02083 -4.524054e-01
1.04167 -7.981823e-01
1.0625 -1.190423e+00
1.08333 -1.597266e+00
1.10417 -1.984206e+00
1.125 -2.316385e+00
1.14583 -2.560974e+00
1.16667 -2.689471e+00
1.1875 -2.679777e+00
1.20833 -2.517901e+00
1.22917 -2.199177e+00
1.25 -1.728894e+00
1.27083 -1.122285e+00
1.29167 -4.038608e-01
1.3125  3.938878e-01
1.33333  1.232338e+00
1.35417  2.069027e+00
1.375  2.860232e+00
1.39583  3.563684e+00
1.41667  4.141213e+00
1.4375  4.561161e+00
1.45833  4.800395e+00
1.47917  4.845772e+00
1.5  4.694975e+00
1.52083  4.356639e+00
1.54167  3.849783e+00
1.5625  3.202578e+00
1.58333  2.450539e+00
1.60417  1.634266e+00
1.625  7.968944e-01
1.64583 -1.857674e-02
1.66667 -7.719051e-01
1.6875 -1.427998e+00
1.70833 -1.958929e+00
1.72917 -2.345462e+00
1.75 -2.577982e+00
1.77083 -2.656805e+00
1.79167 -2.591845e+00
1.8125 -2.401683e+00
1.83333 -2.112105e+00
1.85417 -1.754221e+00
1.875 -1.362276e+00
1.89583 -9.713048e-01
1.91667 -6.147745e-01
1.9375 -3.223617e-01
1.95833 -1.179949e-01
1.97917 -1.828361e-02
2 -3.142701e-02
2.02083 -1.566666e-01
2.04167 -3.843180e-01
2.0625 -6.963815e-01
2.08333 -1.067698e+00
2.10417 -1.467582e+00
2.125 -1.861841e+00
2.14583 -2.215050e+00
2.16667 -2.492956e+00
2.1875 -2.664848e+00
2.20833 -2.705747e+00
2.22917 -2.598274e+00
2.25 -2.334057e+00
2.27083 -1.914584e+00
2.29167 -1.351427e+00
2.3125 -6.658103e-01
2.33333  1.124599e-01
2.35417  9.466593e-01
2.375  1.795289e+00
2.39583  2.614575e+00
2.41667  3.361154e+00
2.4375  3.994781e+00
2.45833  4.480859e+00
2.47917  4.792636e+00
2.5  4.912908e+00
2.52083  4.835114e+00
2.54167  4.563753e+00
2.5625  4.114078e+00
2.58333  3.511116e+00
2.60417  2.788054e+00
2.625  1.984120e+00
2.64583  1.142109e+00
2.66667  3.057027e-01
2.6875 -4.832172e-01
2.70833 -1.187093e+00
2.72917 -1.774889e+00
2.75 -2.223828e+00
2.77083 -2.520556e+00
2.79167 -2.661682e+00
2.8125 -2.653660e+00
2.83333 -2.512054e+00
2.85417 -2.260229e+00
2.875 -1.927574e+00
2.89583 -1.547390e+00
2.91667 -1.154562e+00
2.9375 -7.831809e-01
2.95833 -4.642701e-01
2.97917 -2.237348e-01
3 -8.067986e-02
3.02083 -4.618239e-02
3.04167 -1.225952e-01
3.0625 -3.034186e-01
3.08333 -5.737462e-01
3.10417 -9.112572e-01
3.125 -1.287694e+00
3.14583 -1.670739e+00
3.16667 -2.026170e+00
3.1875 -2.320171e+00
3.20833 -2.521655e+00
3.22917 -2.604441e+00
3.25 -2.549163e+00
3.27083 -2.344764e+00
3.29167 -1.989490e+00
3.3125 -1.491291e+00
3.33333 -8.676102e-01
3.35417 -1.445377e-01
3.375  6.446053e-01
3.39583  1.461187e+00
3.41667  2.263564e+00
3.4375  3.009620e+00
3.45833  3.659373e+00
3.47917  4.177483e+00
3.5  4.535485e+00
3.52083  4.713604e+00
3.54167  4.702023e+00
3.5625  4.501506e+00
3.58333  4.123350e+00
3.60417  3.588653e+00
3.625  2.926959e+00
3.64583  2.174369e+00
3.66667  1.371241e+00
3.6875  5.596565e-01
3.70833 -2.191969e-01
3.72917 -9.275346e-01
3.75 -1.533220e+00
3.77083 -2.011597e+00
3.79167 -2.346800e+00
3.8125 -2.532464e+00
3.83333 -2.571803e+00
3.85417 -2.477071e+00
3.875 -2.268450e+00
3.89583 -1.972452e+00
3.91667 -1.619965e+00
3.9375 -1.244052e+00
3.95833 -8.776727e-01
3.97917 -5.514622e-01
4 -2.917100e-01
4.02083 -1.186584e-01
4.04167 -4.522401e-02
4.0625 -7.621131e-02
4.08333 -2.080622e-01
4.10417 -4.291493e-01
4.125 -7.205902e-01
4.14583 -1.057531e+00
4.16667 -1.410815e+00
4.1875 -1.748946e+00
4.20833 -2.040204e+00
4.22917 -2.254811e+00
4.25 -2.366989e+00
4.27083 -2.356798e+00
4.29167 -2.211625e+00
4.3125 -1.927227e+00
4.33333 -1.508256e+00
4.35417 -9.682192e-01
4.375 -3.288690e-01
4.39583  3.809541e-01
4.41667  1.126958e+00
4.4375  1.871418e+00
4.45833  2.575460e+00
4.47917  3.201447e+00
4.5  3.715333e+00
4.52083  4.088808e+00
4.54167  4.301108e+00
4.5625  4.340338e+00
4.58333  4.204253e+00
4.60417  3.900399e+00
4.625  3.445642e+00
4.64583  2.865079e+00
4.66667  2.190440e+00
4.6875  1.458061e+00
4.70833  7.065894e-01
4.72917 -2.543169e-02
4.75 -7.019378e-01
4.77083 -1.291509e+00
4.79167 -1.769191e+00
4.8125 -2.117858e+00
4.83333 -2.329032e+00
4.85417 -2.403118e+00
4.875 -2.349054e+00
4.89583 -2.183420e+00
4.91667 -1.929071e+00
4.9375 -1.613400e+00
4.95833 -1.266360e+00
4.97917 -9.183735e-01
5 -5.982677e-01
5.02083 -3.313725e-01
5.04167 -1.378899e-01
5.0625 -3.163547e-02
5.08333 -1.921997e-02
5.10417 -9.971237e-02
5.125 -2.647962e-01
5.14583 -4.994009e-01
5.16667 -7.827644e-01
5.1875 -1.089856e+00
5.20833 -1.393070e+00
5.22917 -1.664092e+00
5.25 -1.875816e+00
5.27083 -2.004200e+00
5.29167 -2.029945e+00
5.3125 -1.939898e+00
5.33333 -1.728076e+00
5.35417 -1.396257e+00
5.375 -9.540799e-01
5.39583 -4.186476e-01
5.41667  1.863577e-01
5.4375  8.319973e-01
5.45833  1.485762e+00
5.47917  2.113520e+00
5.5  2.681604e+00
5.52083  3.158907e+00
5.54167  3.518839e+00
5.5625  3.741029e+00
5.58333  3.812635e+00
5.60417  3.729188e+00
5.625  3.494899e+00
5.64583  3.122405e+00
5.66667  2.631974e+00
5.6875  2.050213e+00
5.70833  1.408380e+00
5.72917  7.403997e-01
5.75  8.073917e-02
5.77083 -5.377308e-01
5.79167 -1.085728e+00
5.8125 -1.539281e+00
5.83333 -1.881064e+00
5.85417 -2.101268e+00
5.875 -2.197957e+00
5.89583 -2.176898e+00
5.91667 -2.050893e+00
5.9375 -1.838675e+00
5.95833 -1.563444e+00
5.97917 -1.251167e+00
6 -9.287473e-01
6.02083 -6.221928e-01
6.04167 -3.549029e-01
6.0625 -1.461754e-01
6.08333 -1.002360e-02
6.10417  4.563186e-02
6.125  1.935819e-02
6.14583 -8.382134e-02
6.16667 -2.528730e-01
6.1875 -4.715761e-01
6.20833 -7.196674e-01
6.22917 -9.742332e-01
6.25 -1.211263e+00
6.27083 -1.407270e+00
6.29167 -1.540883e+00
6.3125 -1.594317e+00
6.33333 -1.554622e+00
6.35417 -1.414651e+00
6.375 -1.173671e+00
6.39583 -8.375789e-01
6.41667 -4.186998e-01
6.4375  6.482033e-02
6.45833  5.900102e-01
6.47917  1.130394e+00
6.5  1.657562e+00
6.52083  2.142902e+00
6.54167  2.559369e+00
6.5625  2.883192e+00
6.58333  3.095399e+00
6.60417  3.183052e+00
6.625  3.140108e+00
6.64583  2.967845e+00
6.66667  2.674813e+00
6.6875  2.276322e+00
6.70833  1.793477e+00
6.72917  1.251857e+00
6.75  6.798918e-01
6.77083  1.070830e-01
6.79167 -4.378326e-01
6.8125 -9.286374e-01
6.83333 -1.343192e+00
6.85417 -1.664692e+00
6.875 -1.882551e+00
6.89583 -1.992843e+00
6.91667 -1.998307e+00
6.9375 -1.907911e+00
6.95833 -1.736019e+00
6.97917 -1.501245e+00
7 -1.225063e+00
7.02083 -9.302848e-01
7.04167 -6.395123e-01
7.0625 -3.736550e-01
7.08333 -1.506175e-01
7.10417  1.577532e-02
7.125  1.165528e-01
7.14583  1.480380e-01
7.16667  1.119368e-01
7.1875  1.508497e-02
7.20833 -1.311231e-01
7.22917 -3.115789e-01
7.25 -5.085226e-01
7.27083 -7.027575e-01
7.29167 -8.749427e-01
7.3125 -1.006891e+00
7.33333 -1.082792e+00
7.35417 -1.090297e+00
7.375 -1.021397e+00
7.39583 -8.730345e-01
7.41667 -6.474275e-01
7.4375 -3.520585e-01
7.45833  6.611460e-04
7.47917  3.940475e-01
7.5  8.080843e-01
7.52083  1.220598e+00
7.54167  1.608598e+00
7.5625  1.949699e+00
7.58333  2.223540e+00
7.60417  2.413095e+00
7.625  2.505805e+00
7.64583  2.494424e+00
7.66667  2.377549e+00
7.6875  2.159762e+00
7.70833  1.851393e+00
7.72917  1.467897e+00
7.75  1.028907e+00
7.77083  5.570046e-01
7.79167  7.631204e-02
7.8125 -3.890090e-01
7.83333 -8.162388e-01
7.85417 -1.185464e+00
7.875 -1.480729e+00
7.89583 -1.690909e+00
7.91667 -1.810234e+00
7.9375 -1.838461e+00
7.95833 -1.780671e+00
7.97917 -1.646738e+00
8 -1.450502e+00
8.02083 -1.208727e+00
8.04167 -9.399078e-01
8.0625 -6.630287e-01
8.08333 -3.963359e-01
8.10417 -1.562185e-01
8.125  4.374733e-02
8.14583  1.935357e-01
8.16667  2.871582e-01
8.1875  3.228828e-01
8.20833  3.031838e-01
8.22917  2.344389e-01
8.25  1.263994e-01
8.27083 -8.528571e-03
8.29167 -1.561457e-01
8.3125 -3.014149e-01
8.33333 -4.294548e-01
8.35417 -5.265185e-01
8.375 -5.809038e-01
8.39583 -5.837431e-01
8.41667 -5.296294e-01
8.4375 -4.170387e-01
8.45833 -2.485212e-01
8.47917 -3.064159e-02
8.5  2.263323e-01
8.52083  5.089853e-01
8.54167  8.015262e-01
8.5625  1.086735e+00
8.58333  1.347028e+00
8.60417  1.565583e+00
8.625  1.727437e+00
8.64583  1.820499e+00
8.66667  1.836389e+00
8.6875  1.771062e+00
8.70833  1.625143e+00
8.72917  1.403967e+00
8.75  1.117309e+00
8.77083  7.788087e-01
8.79167  4.051468e-01
8.8125  1.501809e-02
8.83333 -3.720251e-01
8.85417 -7.367745e-01
8.875 -1.061531e+00
8.89583 -1.331149e+00
8.91667 -1.533901e+00
8.9375 -1.662087e+00
8.95833 -1.712385e+00
8.97917 -1.685897e+00
9 -1.587924e+00
9.02083 -1.427482e+00
9.04167 -1.216610e+00
9.0625 -9.695232e-01
9.08333 -7.016736e-01
9.10417 -4.287851e-01
9.125 -1.659178e-01
9.14583  7.337839e-02
9.16667  2.777802e-01
9.1875  4.387429e-01
9.20833  5.508676e-01
9.22917  6.120742e-01
9.25  6.235814e-01
9.27083  5.897038e-01
9.29167  5.174844e-01
9.3125  4.161855e-01
9.33333  2.966671e-01
9.35417  1.706847e-01
9.375  5.014205e-02
9.39583 -5.366362e-02
9.41667 -1.307657e-01
9.4375 -1.731816e-01
9.45833 -1.754583e-01
9.47917 -1.350743e-01
9.5 -5.266931e-02
9.52083  6.791961e-02
9.54167  2.198281e-01
9.5625  3.935380e-01
9.58333  5.774400e-01
9.60417  7.585564e-01
9.625  9.233824e-01
9.64583  1.058791e+00
9.66667  1.152942e+00
9.6875  1.196130e+00
9.70833  1.181513e+00
9.72917  1.105655e+00
9.75  9.688520e-01
9.77083  7.752121e-01
9.79167  5.324674e-01
9.8125  2.515454e-01
9.83333 -5.408017e-02
9.85417 -3.692106e-01
9.875 -6.778558e-01
9.89583 -9.642146e-01
9.91667 -1.213632e+00
9.9375 -1.413468e+00
9.95833 -1.553825e+00
9.97917 -1.628080e+00
10 -1.633206e+00
10.0208 -1.569866e+00
10.0417 -1.442276e+00
10.0625 -1.257873e+00
10.0833 -1.026803e+00
10.1042 -7.612852e-01
10.125 -4.748794e-01
10.1458 -1.817225e-01
10.1667  1.042401e-01
10.1875  3.699759e-01
10.2083  6.040123e-01
10.2292  7.969785e-01
10.25  9.420238e-01
10.2708  1.035098e+00
10.2917  1.075082e+00
10.3125  1.063777e+00
10.3333  1.005732e+00
10.3542  9.079467e-01
10.375  7.794335e-01
10.3958  6.306747e-01
10.4167  4.729905e-01
10.4375  3.178500e-01
10.4583  1.761598e-01
10.4792  5.757015e-02
10.5 -3.015837e-02
10.5208 -8.168541e-02
10.5417 -9.447849e-02
10.5625 -6.902473e-02
10.5833 -8.843050e-03
10.6042  7.971338e-02
10.625  1.878602e-01
10.6458  3.049701e-01
10.6667  4.193102e-01
10.6875  5.188809e-01
10.7083  5.922951e-01
10.7292  6.296364e-01
10.75  6.232295e-01
10.7708  5.682650e-01
10.7917  4.632301e-01
10.8125  3.101104e-01
10.8333  1.143470e-01
10.8542 -1.154480e-01
10.875 -3.679989e-01
10.8958 -6.300557e-01
10.9167 -8.872180e-01
10.9375 -1.124832e+00
10.9583 -1.328901e+00
10.9792 -1.486944e+00
11 -1.588751e+00
11.0208 -1.626988e+00
11.0417 -1.597624e+00
11.0625 -1.500152e+00
11.0833 -1.337606e+00
11.1042 -1.116380e+00
11.125 -8.458676e-01
11.1458 -5.379479e-01
11.1667 -2.063496e-01
11.1875  1.340664e-01
11.2083  4.680721e-01
11.2292  7.808472e-01
11.25  1.058725e+00
11.2708  1.289881e+00
11.2917  1.464924e+00
11.3125  1.577372e+00
11.3333  1.623982e+00
11.3542  1.604914e+00
