-4 -1.121875e+00
-3.97917 -9.206356e-01
-3.95833 -7.132708e-01
-3.9375 -5.195105e-01
-3.91667 -3.568737e-01
-3.89583 -2.395587e-01
-3.875 -1.775931e-01
-3.85417 -1.762862e-01
-3.83333 -2.359995e-01
-3.8125 -3.522380e-01
-3.79167 -5.160395e-01
-3.77083 -7.146302e-01
-3.75 -9.322958e-01
-3.72917 -1.151414e+00
-3.70833 -1.353588e+00
-3.6875 -1.520810e+00
-3.66667 -1.636600e+00
-3.64583 -1.687051e+00
-3.625 -1.661734e+00
-3.60417 -1.554399e+00
-3.58333 -1.363448e+00
-3.5625 -1.092146e+00
-3.54167 -7.485479e-01
-3.52083 -3.451470e-01
-3.5  1.017405e-01
-3.47917  5.728315e-01
-3.45833  1.046923e+00
-3.4375  1.502075e+00
-3.41667  1.916855e+00
-3.39583  2.271580e+00
-3.375  2.549459e+00
-3.35417  2.737580e+00
-3.33333  2.827662e+00
-3.3125  2.816526e+00
-3.29167  2.706250e+00
-3.27083  2.503989e+00
-3.25  2.221491e+00
-3.22917  1.874309e+00
-3.20833  1.480806e+00
-3.1875  1.060981e+00
-3.16667  6.352392e-01
-3.14583  2.231542e-01
-3.125 -1.576613e-01
-3.10417 -4.925214e-01
-3.08333 -7.704015e-01
-3.0625 -9.844015e-01
-3.04167 -1.131917e+00
-3.02083 -1.214524e+00
-3 -1.237594e+00
-2.97917 -1.209690e+00
-2.95833 -1.141784e+00
-2.9375 -1.046376e+00
-2.91667 -9.365608e-01
-2.89583 -8.251193e-01
-2.875 -7.236873e-01
-2.85417 -6.420429e-01
-2.83333 -5.875533e-01
-2.8125 -5.647992e-01
-2.79167 -5.753863e-01
-2.77083 -6.179419e-01
-2.75 -6.882857e-01
-2.72917 -7.797543e-01
-2.70833 -8.836570e-01
-2.6875 -9.898355e-01
-2.66667 -1.087296e+00
-2.64583 -1.164884e+00
-2.625 -1.211975e+00
-2.60417 -1.219137e+00
-2.58333 -1.178747e+00
-2.5625 -1.085525e+00
-2.54167 -9.369533e-01
-2.52083 -7.335601e-01
-2.5 -4.790401e-01
-2.47917 -1.802032e-01
-2.45833  1.532608e-01
-2.4375  5.091947e-01
-2.41667  8.735496e-01
-2.39583  1.231097e+00
-2.375  1.566238e+00
-2.35417  1.863868e+00
-2.33333  2.110229e+00
-2.3125  2.293715e+00
-2.29167  2.405558e+00
-2.27083  2.440349e+00
-2.25  2.396367e+00
-2.22917  2.275681e+00
-2.20833  2.084018e+00
-2.1875  1.830409e+00
-2.16667  1.526644e+00
-2.14583  1.186561e+00
-2.125  8.252302e-01
-2.10417  4.580936e-01
-2.08333  1.001046e-01
-2.0625 -2.350605e-01
-2.04167 -5.356822e-01
-2.02083 -7.925247e-01
-2 -9.991888e-01
-1.97917 -1.152278e+00
-1.95833 -1.251380e+00
-1.9375 -1.298885e+00
-1.91667 -1.299650e+00
-1.89583 -1.260555e+00
-1.875 -1.189979e+00
-1.85417 -1.097229e+00
-1.83333 -9.919502e-01
-1.8125 -8.835633e-01
-1.79167 -7.807310e-01
-1.77083 -6.908931e-01
-1.75 -6.198765e-01
-1.72917 -5.715963e-01
-1.70833 -5.478574e-01
-1.6875 -5.482646e-01
-1.66667 -5.702463e-01
-1.64583 -6.091953e-01
-1.625 -6.587252e-01
-1.60417 -7.110374e-01
-1.58333 -7.573885e-01
-1.5625 -7.886397e-01
-1.54167 -7.958628e-01
-1.52083 -7.709727e-01
-1.5 -7.073477e-01
-1.47917 -6.003966e-01
-1.45833 -4.480301e-01
-1.4375 -2.509971e-01
-1.41667 -1.305334e-02
-1.39583  2.590634e-01
-1.375  5.558601e-01
-1.35417  8.655144e-01
-1.33333  1.174480e+00
-1.3125  1.468238e+00
-1.29167  1.732143e+00
-1.27083  1.952313e+00
-1.25  2.116498e+00
-1.22917  2.214867e+00
-1.20833  2.240653e+00
-1.1875  2.190622e+00
-1.16667  2.065314e+00
-1.14583  1.869058e+00
-1.125  1.609747e+00
-1.10417  1.298402e+00
-1.08333  9.485459e-01
-1.0625  5.754427e-01
-1.04167  1.952411e-01
-1.02083 -1.759105e-01
-1 -5.227302e-01
-0.979167 -8.315955e-01
-0.958333 -1.091223e+00
-0.9375 -1.293197e+00
-0.916667 -1.432330e+00
-0.895833 -1.506833e+00
-0.875 -1.518308e+00
-0.854167 -1.471554e+00
-0.833333 -1.374212e+00
-0.8125 -1.236272e+00
-0.791667 -1.069453e+00
-0.770833 -8.865133e-01
-0.75 -7.004936e-01
-0.729167 -5.239551e-01
-0.708333 -3.682356e-01
-0.6875 -2.427658e-01
-0.666667 -1.544857e-01
-0.645833 -1.073924e-01
-0.625 -1.022557e-01
-0.604167 -1.365227e-01
-0.583333 -2.044296e-01
-0.5625 -2.973259e-01
-0.541667 -4.042007e-01
-0.520833 -5.123916e-01
-0.5 -6.084363e-01
-0.479167 -6.790197e-01
-0.458333 -7.119537e-01
-0.4375 -6.971239e-01
-0.416667 -6.273334e-01
-0.395833 -4.989773e-01
-0.375 -3.124920e-01
-0.354167 -7.253615e-02
-0.333333  2.121216e-01
-0.3125  5.290089e-01
-0.291667  8.626327e-01
-0.270833  1.195396e+00
-0.25  1.508689e+00
-0.229167  1.784079e+00
-0.208333  2.004518e+00
-0.1875  2.155483e+00
-0.166667  2.225960e+00
-0.145833  2.209214e+00
-0.125  2.103288e+00
-0.104167  1.911186e+00
-0.0833333  1.640750e+00
-0.0625  1.304216e+00
-0.0416667  9.175091e-01
-0.0208333  4.993015e-01
0  6.991601e-02
0.0208333 -3.498638e-01
0.0416667 -7.399978e-01
0.0625 -1.082334e+00
0.0833333 -1.361627e+00
0.104167 -1.566376e+00
0.125 -1.689426e+00
0.145833 -1.728324e+00
0.166667 -1.685384e+00
0.1875 -1.567496e+00
0.208333 -1.385653e+00
0.229167 -1.154266e+00
0.25 -8.902665e-01
0.270833 -6.120727e-01
0.291667 -3.384613e-01
0.3125 -8.741262e-02
0.333333  1.250076e-01
0.354167  2.856641e-01
0.375  3.852038e-01
0.395833  4.186862e-01
0.416667  3.859487e-01
0.4375  2.916734e-01
0.458333  1.451401e-01
0.479167 -4.033023e-02
0.5 -2.482180e-01
0.520833 -4.598882e-01
0.541667 -6.558512e-01
0.5625 -8.171210e-01
0.583333 -9.265820e-01
0.604167 -9.702669e-01
0.625 -9.384543e-01
0.645833 -8.265010e-01
0.666667 -6.353412e-01
0.6875 -3.716063e-01
0.708333 -4.734812e-02
0.729167  3.206274e-01
0.75  7.117748e-01
0.770833  1.103107e+00
0.791667  1.470689e+00
0.8125  1.791224e+00
0.833333  2.043616e+00
0.854167  2.210412e+00
0.875  2.279000e+00
0.895833  2.242502e+00
0.916667  2.100283e+00
0.9375  1.858052e+00
0.958333  1.527547e+00
0.979167  1.125822e+00
1  6.742049e-01
1.02083  1.969709e-01
1.04167 -2.801493e-01
1.0625 -7.315511e-01
1.08333 -1.133313e+00
1.10417 -1.464637e+00
1.125 -1.709082e+00
1.14583 -1.855523e+00
1.16667 -1.898772e+00
1.1875 -1.839841e+00
1.20833 -1.685820e+00
1.22917 -1.449401e+00
1.25 -1.148053e+00
1.27083 -8.029275e-01
1.29167 -4.375262e-01
1.3125 -7.623855e-02
1.33333  2.571857e-01
1.35417  5.411320e-01
1.375  7.574948e-01
1.39583  8.928481e-01
1.41667  9.393353e-01
1.4375  8.952188e-01
1.45833  7.650472e-01
1.47917  5.594193e-01
1.5  2.943483e-01
1.52083 -9.743101e-03
1.54167 -3.293426e-01
1.5625 -6.394043e-01
1.58333 -9.150446e-01
1.60417 -1.133266e+00
1.625 -1.274592e+00
1.64583 -1.324498e+00
1.66667 -1.274533e+00
1.6875 -1.123046e+00
1.70833 -8.754536e-01
1.72917 -5.440233e-01
1.75 -1.471773e-01
1.77083  2.916470e-01
1.79167  7.455027e-01
1.8125  1.185705e+00
1.83333  1.583748e+00
1.85417  1.913229e+00
1.875  2.151651e+00
1.89583  2.281970e+00
1.91667  2.293781e+00
1.9375  2.184065e+00
1.95833  1.957433e+00
1.97917  1.625868e+00
2  1.207968e+00
2.02083  7.277648e-01
2.04167  2.131844e-01
2.0625 -3.057400e-01
2.08333 -7.987753e-01
2.10417 -1.237399e+00
2.125 -1.596586e+00
2.14583 -1.856353e+00
2.16667 -2.002984e+00
2.1875 -2.029838e+00
2.20833 -1.937719e+00
2.22917 -1.734775e+00
2.25 -1.435947e+00
2.27083 -1.061993e+00
2.29167 -6.381679e-01
2.3125 -1.926194e-01
2.33333  2.453848e-01
2.35417  6.473040e-01
2.375  9.871292e-01
2.39583  1.243038e+00
2.41667  1.398797e+00
2.4375  1.444827e+00
2.45833  1.378851e+00
2.47917  1.206097e+00
2.5  9.390082e-01
2.52083  5.964937e-01
2.54167  2.027455e-01
2.5625 -2.143124e-01
2.58333 -6.248448e-01
2.60417 -9.990868e-01
2.625 -1.309355e+00
2.64583 -1.531958e+00
2.66667 -1.648865e+00
2.6875 -1.649032e+00
2.70833 -1.529259e+00
2.72917 -1.294538e+00
2.75 -9.578334e-01
2.77083 -5.393182e-01
2.79167 -6.509617e-02
2.8125  4.344993e-01
2.83333  9.269200e-01
2.85417  1.379591e+00
2.875  1.762122e+00
2.89583  2.048386e+00
2.91667  2.218315e+00
2.9375  2.259294e+00
2.95833  2.167049e+00
2.97917  1.945970e+00
3  1.608847e+00
3.02083  1.176039e+00
3.04167  6.741441e-01
3.0625  1.342474e-01
3.08333 -4.101111e-01
3.10417 -9.251239e-01
3.125 -1.378906e+00
3.14583 -1.743543e+00
3.16667 -1.996868e+00
3.1875 -2.123855e+00
3.20833 -2.117540e+00
3.22917 -1.979425e+00
3.25 -1.719340e+00
3.27083 -1.354784e+00
3.29167 -9.097797e-01
3.3125 -4.133372e-01
3.33333  1.023983e-01
3.35417  6.041823e-01
3.375  1.059774e+00
3.39583  1.439975e+00
3.41667  1.720486e+00
3.4375  1.883450e+00
3.45833  1.918617e+00
3.47917  1.824018e+00
3.5  1.606133e+00
3.52083  1.279524e+00
3.54167  8.659350e-01
3.5625  3.929414e-01
3.58333 -1.078117e-01
3.60417 -6.026495e-01
3.625 -1.058070e+00
3.64583 -1.442965e+00
3.66667 -1.730717e+00
3.6875 -1.901023e+00
3.70833 -1.941324e+00
3.72917 -1.847731e+00
3.75 -1.625377e+00
3.77083 -1.288162e+00
3.79167 -8.578921e-01
3.8125 -3.628751e-01
3.83333  1.639527e-01
3.85417  6.872310e-01
3.875  1.171568e+00
3.89583  1.583950e+00
3.91667  1.896010e+00
3.9375  2.085975e+00
3.95833  2.140182e+00
3.97917  2.054028e+00
4  1.832311e+00
4.02083  1.488924e+00
4.04167  1.045930e+00
4.0625  5.320864e-01
4.08333 -1.907804e-02
4.10417 -5.714996e-01
4.125 -1.088974e+00
4.14583 -1.537545e+00
4.16667 -1.887732e+00
4.1875 -2.116444e+00
4.20833 -2.208464e+00
4.22917 -2.157409e+00
4.25 -1.966110e+00
4.27083 -1.646403e+00
4.29167 -1.218336e+00
4.3125 -7.088692e-01
4.33333 -1.501386e-01
4.35417  4.225953e-01
4.375  9.731849e-01
4.39583  1.466882e+00
4.41667  1.872529e+00
4.4375  2.164528e+00
4.45833  2.324459e+00
4.47917  2.342249e+00
4.5  2.216830e+00
4.52083  1.956227e+00
4.54167  1.577077e+00
4.5625  1.103601e+00
4.58333  5.660864e-01
4.60417 -1.033806e-03
4.625 -5.613784e-01
4.64583 -1.078969e+00
4.66667 -1.520576e+00
4.6875 -1.857912e+00
4.70833 -2.069519e+00
4.72917 -2.142232e+00
4.75 -2.072101e+00
4.77083 -1.864704e+00
4.79167 -1.534831e+00
4.8125 -1.105527e+00
4.83333 -6.065847e-01
4.85417 -7.254466e-02
4.875  4.596305e-01
4.89583  9.530715e-01
4.91667  1.373524e+00
4.9375  1.691704e+00
4.95833  1.885318e+00
4.97917  1.940612e+00
5  1.853327e+00
5.02083  1.629013e+00
5.04167  1.282653e+00
5.0625  8.376564e-01
5.08333  3.242647e-01
5.10417 -2.224983e-01
5.125 -7.651953e-01
5.14583 -1.266498e+00
5.16667 -1.691687e+00
5.1875 -2.010968e+00
5.20833 -2.201439e+00
5.22917 -2.248592e+00
5.25 -2.147250e+00
5.27083 -1.901893e+00
5.29167 -1.526341e+00
5.3125 -1.042852e+00
5.33333 -4.806771e-01
5.35417  1.258250e-01
5.375  7.393755e-01
5.39583  1.322141e+00
5.41667  1.838122e+00
5.4375  2.255409e+00
5.45833  2.548188e+00
5.47917  2.698347e+00
5.5  2.696609e+00
5.52083  2.543112e+00
5.54167  2.247402e+00
5.5625  1.827840e+00
5.58333  1.310455e+00
5.60417  7.273094e-01
5.625  1.144772e-01
5.64583 -4.902400e-01
5.66667 -1.049725e+00
5.6875 -1.529927e+00
5.70833 -1.902065e+00
5.72917 -2.144500e+00
5.75 -2.244162e+00
5.77083 -2.197418e+00
5.79167 -2.010324e+00
5.8125 -1.698234e+00
5.83333 -1.284781e+00
5.85417 -8.002915e-01
5.875 -2.797409e-01
5.89583  2.396268e-01
5.91667  7.208424e-01
5.9375  1.129750e+00
5.95833  1.437362e+00
5.97917  1.621865e+00
6  1.670136e+00
6.02083  1.578657e+00
6.04167  1.353768e+00
6.0625  1.011241e+00
6.08333  5.751933e-01
6.10417  7.643452e-02
6.125 -4.496453e-01
6.14583 -9.654984e-01
6.16667 -1.433979e+00
6.1875 -1.820864e+00
6.20833 -2.097169e+00
6.22917 -2.241093e+00
6.25 -2.239476e+00
6.27083 -2.088671e+00
6.29167 -1.794786e+00
6.3125 -1.373279e+00
6.33333 -8.479556e-01
6.35417 -2.494262e-01
6.375  3.868542e-01
6.39583  1.022846e+00
6.41667  1.620328e+00
6.4375  2.143304e+00
6.45833  2.560242e+00
6.47917  2.846031e+00
6.5  2.983527e+00
6.52083  2.964596e+00
6.54167  2.790594e+00
6.5625  2.472262e+00
6.58333  2.029034e+00
6.60417  1.487818e+00
6.625  8.812981e-01
6.64583  2.458869e-01
6.66667 -3.805632e-01
6.6875 -9.611437e-01
6.70833 -1.462221e+00
6.72917 -1.855565e+00
6.75 -2.120141e+00
6.77083 -2.243446e+00
6.79167 -2.222290e+00
6.8125 -2.062978e+00
6.83333 -1.780861e+00
6.85417 -1.399289e+00
6.875 -9.480144e-01
6.89583 -4.611674e-01
6.91667  2.508106e-02
6.9375  4.750024e-01
6.95833  8.557721e-01
6.97917  1.139740e+00
7  1.306348e+00
7.02083  1.343566e+00
7.04167  1.248727e+00
7.0625  1.028729e+00
7.08333  6.995527e-01
7.10417  2.851648e-01
7.125 -1.841451e-01
7.14583 -6.738586e-01
7.16667 -1.147613e+00
7.1875 -1.569706e+00
7.20833 -1.907550e+00
7.22917 -2.133905e+00
7.25 -2.228735e+00
7.27083 -2.180576e+00
7.29167 -1.987317e+00
7.3125 -1.656360e+00
7.33333 -1.204145e+00
7.35417 -6.550912e-01
7.375 -4.002894e-02
7.39583  6.057751e-01
7.41667  1.244854e+00
7.4375  1.839900e+00
7.45833  2.356095e+00
7.47917  2.763262e+00
7.5  3.037711e+00
7.52083  3.163670e+00
7.54167  3.134213e+00
7.5625  2.951637e+00
7.58333  2.627270e+00
7.60417  2.180727e+00
7.625  1.638661e+00
7.64583  1.033086e+00
7.66667  3.993764e-01
7.6875 -2.259359e-01
7.70833 -8.074293e-01
7.72917 -1.312990e+00
7.75 -1.715801e+00
7.77083 -1.995989e+00
7.79167 -2.141841e+00
7.8125 -2.150486e+00
7.83333 -2.028014e+00
7.85417 -1.789006e+00
7.875 -1.455503e+00
7.89583 -1.055481e+00
7.91667 -6.209220e-01
7.9375 -1.856137e-01
7.95833  2.171828e-01
7.97917  5.570327e-01
8  8.084388e-01
8.02083  9.526171e-01
8.04167  9.788098e-01
8.0625  8.850426e-01
8.08333  6.782701e-01
8.10417  3.738972e-01
8.125 -5.290763e-03
8.14583 -4.307147e-01
8.16667 -8.699927e-01
8.1875 -1.289196e+00
8.20833 -1.655209e+00
8.22917 -1.938031e+00
8.25 -2.112859e+00
8.27083 -2.161806e+00
8.29167 -2.075147e+00
8.3125 -1.852007e+00
8.33333 -1.500456e+00
8.35417 -1.037003e+00
8.375 -4.855466e-01
8.39583  1.241530e-01
8.41667  7.583683e-01
8.4375  1.381534e+00
8.45833  1.958473e+00
8.47917  2.456575e+00
8.5  2.847787e+00
8.52083  3.110308e+00
8.54167  3.229865e+00
8.5625  3.200523e+00
8.58333  3.024971e+00
8.60417  2.714282e+00
8.625  2.287163e+00
8.64583  1.768751e+00
8.66667  1.189030e+00
8.6875  5.809681e-01
8.70833 -2.151407e-02
8.72917 -5.856179e-01
8.75 -1.081658e+00
8.77083 -1.484853e+00
8.79167 -1.776797e+00
8.8125 -1.946532e+00
8.83333 -1.991140e+00
8.85417 -1.915824e+00
8.875 -1.733465e+00
8.89583 -1.463677e+00
8.91667 -1.131425e+00
8.9375 -7.652843e-01
8.95833 -3.954599e-01
8.97917 -5.169187e-02
9  2.388078e-01
9.02083  4.532499e-01
9.04167  5.748602e-01
9.0625  5.940573e-01
9.08333  5.091320e-01
9.10417  3.263761e-01
9.125  5.965028e-02
9.14583 -2.705806e-01
9.16667 -6.386792e-01
9.1875 -1.015633e+00
9.20833 -1.371091e+00
9.22917 -1.675493e+00
9.25 -1.902151e+00
9.27083 -2.029122e+00
9.29167 -2.040757e+00
9.3125 -1.928817e+00
9.33333 -1.693075e+00
9.35417 -1.341389e+00
9.375 -8.892196e-01
9.39583 -3.586624e-01
9.41667  2.229552e-01
9.4375  8.247991e-01
9.45833  1.414463e+00
9.47917  1.959976e+00
9.5  2.431768e+00
9.52083  2.804439e+00
9.54167  3.058270e+00
9.5625  3.180336e+00
9.58333  3.165209e+00
9.60417  3.015184e+00
9.625  2.740036e+00
9.64583  2.356338e+00
9.66667  1.886379e+00
9.6875  1.356757e+00
9.70833  7.967368e-01
9.72917  2.364713e-01
9.75 -2.948063e-01
9.77083 -7.705141e-01
9.79167 -1.168272e+00
9.8125 -1.471179e+00
9.83333 -1.668745e+00
9.85417 -1.757414e+00
9.875 -1.740655e+00
9.89583 -1.628598e+00
9.91667 -1.437257e+00
9.9375 -1.187370e+00
9.95833 -9.029305e-01
9.97917 -6.095119e-01
10 -3.324853e-01
10.0208 -9.525168e-02
10.0417  8.239163e-02
10.0625  1.856391e-01
10.0833  2.057212e-01
10.1042  1.405292e-01
10.125 -5.224975e-03
10.1458 -2.203295e-01
10.1667 -4.878538e-01
10.1875 -7.863375e-01
10.2083 -1.091303e+00
10.2292 -1.376986e+00
10.25 -1.618166e+00
10.2708 -1.791952e+00
10.2917 -1.879422e+00
10.3125 -1.866978e+00
10.3333 -1.747335e+00
10.3542 -1.520082e+00
