-5 -1.626450e-01
-4.97917  4.159144e-02
-4.95833  2.456507e-01
-4.9375  4.325173e-01
-4.91667  5.862419e-01
-4.89583  6.930457e-01
-4.875  7.422940e-01
-4.85417  7.272712e-01
-4.83333  6.456983e-01
-4.8125  4.999548e-01
-4.79167  2.969811e-01
-4.77083  4.786688e-02
-4.75 -2.328522e-01
-4.72917 -5.281396e-01
-4.70833 -8.195813e-01
-4.6875 -1.088606e+00
-4.66667 -1.317718e+00
-4.64583 -1.491649e+00
-4.625 -1.598360e+00
-4.60417 -1.629807e+00
-4.58333 -1.582435e+00
-4.5625 -1.457369e+00
-4.54167 -1.260286e+00
-4.52083 -1.000995e+00
-4.5 -6.927681e-01
-4.47917 -3.514575e-01
-4.45833  5.512499e-03
-4.4375  3.602210e-01
-4.41667  6.953147e-01
-4.39583  9.949944e-01
-4.375  1.245867e+00
-4.35417  1.437617e+00
-4.33333  1.563467e+00
-4.3125  1.620413e+00
-4.29167  1.609235e+00
-4.27083  1.534295e+00
-4.25  1.403142e+00
-4.22917  1.225958e+00
-4.20833  1.014893e+00
-4.1875  7.833018e-01
-4.16667  5.449537e-01
-4.14583  3.132384e-01
-4.125  1.004130e-01
-4.10417 -8.307268e-02
-4.08333 -2.291408e-01
-4.0625 -3.325088e-01
-4.04167 -3.909510e-01
-4.02083 -4.053790e-01
-4 -3.797369e-01
-3.97917 -3.207083e-01
-3.95833 -2.372517e-01
-3.9375 -1.399842e-01
-3.91667 -4.044944e-02
-3.89583  4.968813e-02
-3.875  1.194704e-01
-3.85417  1.594406e-01
-3.83333  1.623487e-01
-3.8125  1.237176e-01
-3.79167  4.222434e-02
-3.77083 -8.013381e-02
-3.75 -2.381057e-01
-3.72917 -4.234835e-01
-3.70833 -6.256128e-01
-3.6875 -8.320804e-01
-3.66667 -1.029531e+00
-3.64583 -1.204555e+00
-3.625 -1.344576e+00
-3.60417 -1.438693e+00
-3.58333 -1.478388e+00
-3.5625 -1.458084e+00
-3.54167 -1.375498e+00
-3.52083 -1.231769e+00
-3.5 -1.031378e+00
-3.47917 -7.818536e-01
-3.45833 -4.933081e-01
-3.4375 -1.778287e-01
-3.41667  1.512178e-01
-3.39583  4.799262e-01
-3.375  7.945901e-01
-3.35417  1.082393e+00
-3.33333  1.332022e+00
-3.3125  1.534164e+00
-3.29167  1.681894e+00
-3.27083  1.770912e+00
-3.25  1.799652e+00
-3.22917  1.769263e+00
-3.20833  1.683460e+00
-3.1875  1.548269e+00
-3.16667  1.371674e+00
-3.14583  1.163184e+00
-3.125  9.333386e-01
-3.10417  6.931661e-01
-3.08333  4.536225e-01
-3.0625  2.250316e-01
-3.04167  1.655287e-02
-3.02083 -1.642956e-01
-3 -3.120297e-01
-2.97917 -4.234828e-01
-2.95833 -4.979558e-01
-2.9375 -5.372194e-01
-2.91667 -5.453580e-01
-2.89583 -5.284601e-01
-2.875 -4.941679e-01
-2.85417 -4.511107e-01
-2.83333 -4.082606e-01
-2.8125 -3.742504e-01
-2.79167 -3.567066e-01
-2.77083 -3.616443e-01
-2.75 -3.929727e-01
-2.72917 -4.521483e-01
-2.70833 -5.380067e-01
-2.6875 -6.467850e-01
-2.66667 -7.723353e-01
-2.64583 -9.065146e-01
-2.625 -1.039721e+00
-2.60417 -1.161535e+00
-2.58333 -1.261423e+00
-2.5625 -1.329449e+00
-2.54167 -1.356943e+00
-2.52083 -1.337085e+00
-2.5 -1.265377e+00
-2.47917 -1.139953e+00
-2.45833 -9.617461e-01
-2.4375 -7.344775e-01
-2.41667 -4.645015e-01
-2.39583 -1.605063e-01
-2.375  1.668989e-01
-2.35417  5.056866e-01
-2.33333  8.429755e-01
-2.3125  1.165627e+00
-2.29167  1.460849e+00
-2.27083  1.716782e+00
-2.25  1.923043e+00
-2.22917  2.071210e+00
-2.20833  2.155229e+00
-2.1875  2.171716e+00
-2.16667  2.120158e+00
-2.14583  2.002974e+00
-2.125  1.825457e+00
-2.10417  1.595553e+00
-2.08333  1.323518e+00
-2.0625  1.021428e+00
-2.04167  7.025795e-01
-2.02083  3.807969e-01
-2  6.968655e-02
-1.97917 -2.181209e-01
-1.95833 -4.716926e-01
-1.9375 -6.824287e-01
-1.91667 -8.445655e-01
-1.89583 -9.555029e-01
-1.875 -1.015928e+00
-1.85417 -1.029720e+00
-1.83333 -1.003626e+00
-1.8125 -9.467460e-01
-1.79167 -8.698340e-01
-1.77083 -7.844846e-01
-1.75 -7.022531e-01
-1.72917 -6.337763e-01
-1.70833 -5.879597e-01
-1.6875 -5.712915e-01
-1.66667 -5.873339e-01
-1.64583 -6.364305e-01
-1.625 -7.156477e-01
-1.60417 -8.189552e-01
-1.58333 -9.376295e-01
-1.5625 -1.060849e+00
-1.54167 -1.176437e+00
-1.52083 -1.271703e+00
-1.5 -1.334317e+00
-1.47917 -1.353170e+00
-1.45833 -1.319159e+00
-1.4375 -1.225845e+00
-1.41667 -1.069969e+00
-1.39583 -8.517631e-01
-1.375 -5.750791e-01
-1.35417 -2.473027e-01
-1.33333  1.209270e-01
-1.3125  5.161803e-01
-1.29167  9.228601e-01
-1.27083  1.323953e+00
-1.25  1.701876e+00
-1.22917  2.039376e+00
-1.20833  2.320439e+00
-1.1875  2.531169e+00
-1.16667  2.660580e+00
-1.14583  2.701268e+00
-1.125  2.649912e+00
-1.10417  2.507568e+00
-1.08333  2.279737e+00
-1.0625  1.976181e+00
-1.04167  1.610482e+00
-1.02083  1.199372e+00
-1  7.618404e-01
-0.979167  3.180865e-01
-0.958333 -1.116391e-01
-0.9375 -5.082243e-01
-0.916667 -8.548428e-01
-0.895833 -1.137977e+00
-0.875 -1.348241e+00
-0.854167 -1.480951e+00
-0.833333 -1.536370e+00
-0.8125 -1.519639e+00
-0.791667 -1.440360e+00
-0.770833 -1.311870e+00
-0.75 -1.150251e+00
-0.729167 -9.731515e-01
-0.708333 -7.984849e-01
-0.6875 -6.431199e-01
-0.666667 -5.216433e-01
-0.645833 -4.452904e-01
-0.625 -4.211189e-01
-0.604167 -4.514854e-01
-0.583333 -5.338590e-01
-0.5625 -6.609845e-01
-0.541667 -8.213803e-01
-0.520833 -1.000134e+00
-0.5 -1.179938e+00
-0.479167 -1.342295e+00
-0.458333 -1.468803e+00
-0.4375 -1.542453e+00
-0.416667 -1.548832e+00
-0.395833 -1.477175e+00
-0.375 -1.321196e+00
-0.354167 -1.079646e+00
-0.333333 -7.565636e-01
-0.3125 -3.612208e-01
-0.291667  9.225802e-02
-0.270833  5.855635e-01
-0.25  1.097129e+00
-0.229167  1.603267e+00
-0.208333  2.079453e+00
-0.1875  2.501695e+00
-0.166667  2.847899e+00
-0.145833  3.099173e+00
-0.125  3.240984e+00
-0.104167  3.264088e+00
-0.0833333  3.165198e+00
-0.0625  2.947309e+00
-0.0416667  2.619672e+00
-0.0208333  2.197393e+00
0  1.700670e+00
0.0208333  1.153704e+00
0.0416667  5.833268e-01
0.0625  1.744824e-02
0.0833333 -5.166103e-01
0.104167 -9.937715e-01
0.125 -1.392746e+00
0.145833 -1.697350e+00
0.166667 -1.897514e+00
0.1875 -1.989886e+00
0.208333 -1.978001e+00
0.229167 -1.871978e+00
0.25 -1.687769e+00
0.270833 -1.446004e+00
0.291667 -1.170506e+00
0.3125 -8.865828e-01
0.333333 -6.192141e-01
0.354167 -3.912582e-01
0.375 -2.218149e-01
0.395833 -1.248550e-01
0.416667 -1.082155e-01
0.4375 -1.730314e-01
0.458333 -3.136434e-01
0.479167 -5.179840e-01
0.5 -7.684143e-01
0.520833 -1.042950e+00
0.541667 -1.316790e+00
0.5625 -1.564040e+00
0.583333 -1.759523e+00
0.604167 -1.880535e+00
0.625 -1.908464e+00
0.645833 -1.830133e+00
0.666667 -1.638815e+00
0.6875 -1.334839e+00
0.708333 -9.257524e-01
0.729167 -4.260468e-01
0.75  1.435562e-01
0.770833  7.572037e-01
0.791667  1.385335e+00
0.8125  1.996350e+00
0.833333  2.558423e+00
0.854167  3.041366e+00
0.875  3.418426e+00
0.895833  3.667914e+00
0.916667  3.774571e+00
0.9375  3.730581e+00
0.958333  3.536164e+00
0.979167  3.199701e+00
1  2.737382e+00
1.02083  2.172362e+00
1.04167  1.533491e+00
1.0625  8.536590e-01
1.08333  1.678647e-01
1.10417 -4.888794e-01
1.125 -1.083682e+00
1.14583 -1.587805e+00
1.16667 -1.978451e+00
1.1875 -2.240195e+00
1.20833 -2.365946e+00
1.22917 -2.357358e+00
1.25 -2.224673e+00
1.27083 -1.985973e+00
1.29167 -1.665900e+00
1.3125 -1.293918e+00
1.33333 -9.022434e-01
1.35417 -5.235685e-01
1.375 -1.887583e-01
1.39583  7.533271e-02
1.41667  2.477614e-01
1.4375  3.149815e-01
1.45833  2.718084e-01
1.47917  1.217952e-01
1.5 -1.230048e-01
1.52083 -4.428707e-01
1.54167 -8.117819e-01
1.5625 -1.199223e+00
1.58333 -1.572299e+00
1.60417 -1.898017e+00
1.625 -2.145578e+00
1.64583 -2.288522e+00
1.66667 -2.306596e+00
1.6875 -2.187217e+00
1.70833 -1.926438e+00
1.72917 -1.529368e+00
1.75 -1.010015e+00
1.77083 -3.905682e-01
1.79167  2.998301e-01
1.8125  1.026754e+00
1.83333  1.752499e+00
1.85417  2.438296e+00
1.875  3.046623e+00
1.89583  3.543451e+00
1.91667  3.900318e+00
1.9375  4.096088e+00
1.95833  4.118300e+00
1.97917  3.964012e+00
2  3.640098e+00
2.02083  3.162949e+00
2.04167  2.557604e+00
2.0625  1.856342e+00
2.08333  1.096810e+00
2.10417  3.197975e-01
2.125 -4.332206e-01
2.14583 -1.122611e+00
2.16667 -1.713031e+00
2.1875 -2.175633e+00
2.20833 -2.489879e+00
2.22917 -2.644829e+00
2.25 -2.639822e+00
2.27083 -2.484482e+00
2.29167 -2.198032e+00
2.3125 -1.807966e+00
2.33333 -1.348152e+00
2.35417 -8.564879e-01
2.375 -3.722741e-01
2.39583  6.652126e-02
2.41667  4.259112e-01
2.4375  6.782673e-01
2.45833  8.042583e-01
2.47917  7.942093e-01
2.5  6.487885e-01
2.52083  3.789704e-01
2.54167  5.280158e-03
2.5625 -4.436265e-01
2.58333 -9.329462e-01
2.60417 -1.424134e+00
2.625 -1.877566e+00
2.64583 -2.255270e+00
2.66667 -2.523549e+00
2.6875 -2.655306e+00
2.70833 -2.631943e+00
2.72917 -2.444686e+00
2.75 -2.095275e+00
2.77083 -1.595976e+00
2.79167 -9.689203e-01
2.8125 -2.448149e-01
2.83333  5.388781e-01
2.85417  1.340189e+00
2.875  2.115169e+00
2.89583  2.820543e+00
2.91667  3.416332e+00
2.9375  3.868286e+00
2.95833  4.149981e+00
2.97917  4.244465e+00
3  4.145338e+00
3.02083  3.857212e+00
3.04167  3.395515e+00
3.0625  2.785638e+00
3.08333  2.061480e+00
3.10417  1.263452e+00
3.125  4.360729e-01
3.14583 -3.747206e-01
3.16667 -1.124376e+00
3.1875 -1.772475e+00
3.20833 -2.285245e+00
3.22917 -2.637688e+00
3.25 -2.815153e+00
3.27083 -2.814268e+00
3.29167 -2.643136e+00
3.3125 -2.320782e+00
3.33333 -1.875870e+00
3.35417 -1.344766e+00
3.375 -7.690690e-01
3.39583 -1.927763e-01
3.41667  3.407317e-01
3.4375  7.916756e-01
3.45833  1.126624e+00
3.47917  1.320809e+00
3.5  1.359846e+00
3.52083  1.240737e+00
3.54167  9.720779e-01
3.5625  5.734724e-01
3.58333  7.417037e-02
3.60417 -4.889524e-01
3.625 -1.073939e+00
3.64583 -1.636639e+00
3.66667 -2.133741e+00
3.6875 -2.525737e+00
3.70833 -2.779617e+00
3.72917 -2.871125e+00
3.75 -2.786419e+00
3.77083 -2.523035e+00
3.79167 -2.090110e+00
3.8125 -1.507845e+00
3.83333 -8.062707e-01
3.85417 -2.338269e-02
3.875  7.972075e-01
3.89583  1.608966e+00
3.91667  2.365302e+00
3.9375  3.022420e+00
3.95833  3.542007e+00
3.97917  3.893566e+00
4  4.056284e+00
4.02083  4.020314e+00
4.04167  3.787396e+00
4.0625  3.370786e+00
4.08333  2.794487e+00
4.10417  2.091835e+00
4.125  1.303509e+00
4.14583  4.750863e-01
4.16667 -3.457207e-01
4.1875 -1.111977e+00
4.20833 -1.780416e+00
4.22917 -2.314126e+00
4.25 -2.684858e+00
4.27083 -2.874821e+00
4.29167 -2.877803e+00
4.3125 -2.699583e+00
4.33333 -2.357547e+00
4.35417 -1.879555e+00
4.375 -1.302102e+00
4.39583 -6.678931e-01
4.41667 -2.298705e-02
4.4375  5.863060e-01
4.45833  1.116557e+00
4.47917  1.530173e+00
4.5  1.797958e+00
4.52083  1.901113e+00
4.54167  1.832519e+00
4.5625  1.597217e+00
4.58333  1.212053e+00
4.60417  7.045062e-01
4.625  1.107838e-01
4.64583 -5.266733e-01
4.66667 -1.162109e+00
4.6875 -1.749584e+00
4.70833 -2.246100e+00
4.72917 -2.614511e+00
4.75 -2.826013e+00
4.77083 -2.862068e+00
4.79167 -2.715611e+00
4.8125 -2.391511e+00
4.83333 -1.906223e+00
4.85417 -1.286709e+00
4.875 -5.686823e-01
4.89583  2.056892e-01
4.91667  9.904628e-01
4.9375  1.738814e+00
4.95833  2.405960e+00
4.97917  2.951923e+00
5  3.343988e+00
5.02083  3.558686e+00
5.04167  3.583209e+00
5.0625  3.416173e+00
5.08333  3.067682e+00
5.10417  2.558706e+00
5.125  1.919797e+00
5.14583  1.189237e+00
5.16667  4.107050e-01
5.1875 -3.693821e-01
5.20833 -1.104708e+00
5.22917 -1.751906e+00
5.25 -2.273241e+00
5.27083 -2.638966e+00
5.29167 -2.829194e+00
5.3125 -2.835167e+00
5.33333 -2.659833e+00
5.35417 -2.317675e+00
