-6 -1.599875e-01
-5.97917  2.291060e-01
-5.95833  5.811868e-01
-5.9375  8.705267e-01
-5.91667  1.076091e+00
-5.89583  1.182810e+00
-5.875  1.182450e+00
-5.85417  1.074035e+00
-5.83333  8.638119e-01
-5.8125  5.647823e-01
-5.79167  1.958290e-01
-5.77083 -2.194931e-01
-5.75 -6.544305e-01
-5.72917 -1.080679e+00
-5.70833 -1.470112e+00
-5.6875 -1.796490e+00
-5.66667 -2.037061e+00
-5.64583 -2.173952e+00
-5.625 -2.195281e+00
-5.60417 -2.095923e+00
-5.58333 -1.877879e+00
-5.5625 -1.550216e+00
-5.54167 -1.128594e+00
-5.52083 -6.343788e-01
-5.5 -9.339487e-02
-5.47917  4.655999e-01
-5.45833  1.012645e+00
-5.4375  1.518399e+00
-5.41667  1.955928e+00
-5.39583  2.302365e+00
-5.375  2.540310e+00
-5.35417  2.658873e+00
-5.33333  2.654313e+00
-5.3125  2.530190e+00
-5.29167  2.297048e+00
-5.27083  1.971636e+00
-5.25  1.575728e+00
-5.22917  1.134618e+00
-5.20833  6.754143e-01
-5.1875  2.252344e-01
-5.16667 -1.905529e-01
-5.14583 -5.499293e-01
-5.125 -8.355570e-01
-5.10417 -1.035754e+00
-5.08333 -1.145056e+00
-5.0625 -1.164339e+00
-5.04167 -1.100513e+00
-5.02083 -9.658142e-01
-5 -7.767753e-01
-4.97917 -5.529437e-01
-4.95833 -3.154516e-01
-4.9375 -8.553737e-02
-4.91667  1.168814e-01
-4.89583  2.744959e-01
-4.875  3.736790e-01
-4.85417  4.052875e-01
-4.83333  3.651573e-01
-4.8125  2.542772e-01
-4.79167  7.864560e-02
-4.77083 -1.511691e-01
-4.75 -4.207272e-01
-4.72917 -7.126289e-01
-4.70833 -1.007582e+00
-4.6875 -1.285564e+00
-4.66667 -1.527021e+00
-4.64583 -1.714034e+00
-4.625 -1.831394e+00
-4.60417 -1.867530e+00
-4.58333 -1.815243e+00
-4.5625 -1.672198e+00
-4.54167 -1.441142e+00
-4.52083 -1.129847e+00
-4.5 -7.507439e-01
-4.47917 -3.202947e-01
-4.45833  1.418942e-01
-4.4375  6.141563e-01
-4.41667  1.073992e+00
-4.39583  1.499365e+00
-4.375  1.869981e+00
-4.35417  2.168480e+00
-4.33333  2.381449e+00
-4.3125  2.500192e+00
-4.29167  2.521205e+00
-4.27083  2.446319e+00
-4.25  2.282499e+00
-4.22917  2.041317e+00
-4.20833  1.738141e+00
-4.1875  1.391082e+00
-4.16667  1.019800e+00
-4.14583  6.442349e-01
-4.125  2.833589e-01
-4.10417 -4.595768e-02
-4.08333 -3.299015e-01
-4.0625 -5.584272e-01
-4.04167 -7.256867e-01
-4.02083 -8.301605e-01
-4 -8.744970e-01
-3.97917 -8.650865e-01
-3.95833 -8.114139e-01
-3.9375 -7.252462e-01
-3.91667 -6.197192e-01
-3.89583 -5.083879e-01
-3.875 -4.043041e-01
-3.85417 -3.191743e-01
-3.83333 -2.626448e-01
-3.8125 -2.417456e-01
-3.79167 -2.605143e-01
-3.77083 -3.198076e-01
-3.75 -4.173014e-01
-3.72917 -5.476672e-01
-3.70833 -7.029089e-01
-3.6875 -8.728385e-01
-3.66667 -1.045665e+00
-3.64583 -1.208666e+00
-3.625 -1.348918e+00
-3.60417 -1.454045e+00
-3.58333 -1.512954e+00
-3.5625 -1.516524e+00
-3.54167 -1.458209e+00
-3.52083 -1.334529e+00
-3.5 -1.145400e+00
-3.47917 -8.942924e-01
-3.45833 -5.881946e-01
-3.4375 -2.373669e-01
-3.41667  1.451028e-01
-3.39583  5.439291e-01
-3.375  9.424138e-01
-3.35417  1.323339e+00
-3.33333  1.669921e+00
-3.3125  1.966754e+00
-3.29167  2.200696e+00
-3.27083  2.361623e+00
-3.25  2.443003e+00
-3.22917  2.442255e+00
-3.20833  2.360859e+00
-3.1875  2.204219e+00
-3.16667  1.981280e+00
-3.14583  1.703944e+00
-3.125  1.386307e+00
-3.10417  1.043795e+00
-3.08333  6.922463e-01
-3.0625  3.470031e-01
-3.04167  2.207995e-02
-3.02083 -2.705499e-01
-3 -5.215072e-01
-2.97917 -7.243735e-01
-2.95833 -8.758623e-01
-2.9375 -9.757979e-01
-2.91667 -1.026916e+00
-2.89583 -1.034510e+00
-2.875 -1.005960e+00
-2.85417 -9.501691e-01
-2.83333 -8.769480e-01
-2.8125 -7.963857e-01
-2.79167 -7.182281e-01
-2.77083 -6.512984e-01
-2.75 -6.029809e-01
-2.72917 -5.787881e-01
-2.70833 -5.820288e-01
-2.6875 -6.135909e-01
-2.66667 -6.718504e-01
-2.64583 -7.527150e-01
-2.625 -8.498072e-01
-2.60417 -9.547851e-01
-2.58333 -1.057794e+00
-2.5625 -1.148034e+00
-2.54167 -1.214419e+00
-2.52083 -1.246300e+00
-2.5 -1.234200e+00
-2.47917 -1.170536e+00
-2.45833 -1.050255e+00
-2.4375 -8.713510e-01
-2.41667 -6.352223e-01
-2.39583 -3.468141e-01
-2.375 -1.454460e-02
-2.35417  3.500050e-01
-2.33333  7.326237e-01
-2.3125  1.117200e+00
-2.29167  1.486607e+00
-2.27083  1.823678e+00
-2.25  2.112223e+00
-2.22917  2.338003e+00
-2.20833  2.489596e+00
-2.1875  2.559104e+00
-2.16667  2.542639e+00
-2.14583  2.440572e+00
-2.125  2.257507e+00
-2.10417  2.002005e+00
-2.08333  1.686077e+00
-2.0625  1.324468e+00
-2.04167  9.338003e-01
-2.02083  5.316272e-01
-2  1.354529e-01
-1.97917 -2.382141e-01
-1.95833 -5.747235e-01
-1.9375 -8.620143e-01
-1.91667 -1.091178e+00
-1.89583 -1.256829e+00
-1.875 -1.357274e+00
-1.85417 -1.394467e+00
-1.83333 -1.373776e+00
-1.8125 -1.303558e+00
-1.79167 -1.194591e+00
-1.77083 -1.059366e+00
-1.75 -9.113051e-01
-1.72917 -7.639160e-01
-1.70833 -6.299493e-01
-1.6875 -5.205868e-01
-1.66667 -4.447127e-01
-1.64583 -4.083086e-01
-1.625 -4.140107e-01
-1.60417 -4.608643e-01
-1.58333 -5.442987e-01
-1.5625 -6.563368e-01
-1.54167 -7.860387e-01
-1.52083 -9.201648e-01
-1.5 -1.044025e+00
-1.47917 -1.142471e+00
-1.45833 -1.200967e+00
-1.4375 -1.206672e+00
-1.41667 -1.149462e+00
-1.39583 -1.022802e+00
-1.375 -8.244210e-01
-1.35417 -5.567134e-01
-1.33333 -2.268338e-01
-1.3125  1.535314e-01
-1.29167  5.687145e-01
-1.27083  9.999087e-01
-1.25  1.426251e+00
-1.22917  1.826073e+00
-1.20833  2.178239e+00
-1.1875  2.463476e+00
-1.16667  2.665605e+00
-1.14583  2.772584e+00
-1.125  2.777303e+00
-1.10417  2.678056e+00
-1.08333  2.478685e+00
-1.0625  2.188368e+00
-1.04167  1.821078e+00
-1.02083  1.394748e+00
-1  9.302060e-01
-0.979167  4.499457e-01
-0.958333 -2.319003e-02
-0.9375 -4.673217e-01
-0.916667 -8.627696e-01
-0.895833 -1.193139e+00
-0.875 -1.446194e+00
-0.854167 -1.614471e+00
-0.833333 -1.695609e+00
-0.8125 -1.692369e+00
-0.791667 -1.612361e+00
-0.770833 -1.467483e+00
-0.75 -1.273119e+00
-0.729167 -1.047128e+00
-0.708333 -8.086924e-01
-0.6875 -5.770852e-01
-0.666667 -3.704225e-01
-0.645833 -2.044817e-01
-0.625 -9.165142e-02
-0.604167 -4.007933e-02
-0.583333 -5.307768e-02
-0.5625 -1.288298e-01
-0.541667 -2.604266e-01
-0.520833 -4.362435e-01
-0.5 -6.406445e-01
-0.479167 -8.549808e-01
-0.458333 -1.058828e+00
-0.4375 -1.231389e+00
-0.416667 -1.352966e+00
-0.395833 -1.406418e+00
-0.375 -1.378481e+00
-0.354167 -1.260871e+00
-0.333333 -1.051077e+00
-0.3125 -7.527736e-01
-0.291667 -3.758255e-01
-0.270833  6.414342e-02
-0.25  5.465858e-01
-0.229167  1.047227e+00
-0.208333  1.539542e+00
-0.1875  1.996423e+00
-0.166667  2.391901e+00
-0.145833  2.702841e+00
-0.125  2.910446e+00
-0.104167  3.001509e+00
-0.0833333  2.969299e+00
-0.0625  2.814027e+00
-0.0416667  2.542869e+00
-0.0208333  2.169543e+00
0  1.713465e+00
0.0208333  1.198554e+00
0.0416667  6.517579e-01
0.0625  1.014107e-01
0.0833333 -4.244865e-01
0.104167 -8.999379e-01
0.125 -1.302483e+00
0.145833 -1.614489e+00
0.166667 -1.824128e+00
0.1875 -1.925990e+00
0.208333 -1.921294e+00
0.229167 -1.817697e+00
0.25 -1.628705e+00
0.270833 -1.372736e+00
0.291667 -1.071895e+00
0.3125 -7.505123e-01
0.333333 -4.335653e-01
0.354167 -1.450489e-01
0.375  9.359136e-02
0.395833  2.648748e-01
0.416667  3.564589e-01
0.4375  3.619957e-01
0.458333  2.816099e-01
0.479167  1.219623e-01
0.5 -1.041167e-01
0.520833 -3.784114e-01
0.541667 -6.784824e-01
0.5625 -9.791406e-01
0.583333 -1.254144e+00
0.604167 -1.478012e+00
0.625 -1.627834e+00
0.645833 -1.684950e+00
0.666667 -1.636392e+00
0.6875 -1.475960e+00
0.708333 -1.204875e+00
0.729167 -8.319230e-01
0.75 -3.730968e-01
0.770833  1.492753e-01
0.791667  7.078479e-01
0.8125  1.271947e+00
0.833333  1.809514e+00
0.854167  2.289174e+00
0.875  2.682288e+00
0.895833  2.964842e+00
0.916667  3.119045e+00
0.9375  3.134526e+00
0.958333  3.009043e+00
0.979167  2.748661e+00
1  2.367384e+00
1.02083  1.886276e+00
1.04167  1.332119e+00
1.0625  7.357225e-01
1.08333  1.299811e-01
1.10417 -4.521836e-01
1.125 -9.798582e-01
1.14583 -1.426023e+00
1.16667 -1.769169e+00
1.1875 -1.994548e+00
1.20833 -2.094983e+00
1.22917 -2.071194e+00
1.25 -1.931622e+00
1.27083 -1.691781e+00
1.29167 -1.373170e+00
1.3125 -1.001817e+00
1.33333 -6.065553e-01
1.35417 -2.171353e-01
1.375  1.377233e-01
1.39583  4.322031e-01
1.41667  6.450828e-01
1.4375  7.611407e-01
1.45833  7.721834e-01
1.47917  6.776276e-01
1.5  4.845950e-01
1.52083  2.075052e-01
1.54167 -1.328162e-01
1.5625 -5.104678e-01
1.58333 -8.961622e-01
1.60417 -1.259175e+00
1.625 -1.569430e+00
1.64583 -1.799584e+00
1.66667 -1.926972e+00
1.6875 -1.935280e+00
1.70833 -1.815820e+00
1.72917 -1.568319e+00
1.75 -1.201147e+00
1.77083 -7.309603e-01
1.79167 -1.817792e-01
1.8125  4.164595e-01
1.83333  1.029773e+00
1.85417  1.622308e+00
1.875  2.158673e+00
1.89583  2.606264e+00
1.91667  2.937434e+00
1.9375  3.131336e+00
1.95833  3.175330e+00
1.97917  3.065842e+00
2  2.808626e+00
2.02083  2.418406e+00
2.04167  1.917925e+00
2.0625  1.336469e+00
2.08333  7.079753e-01
2.10417  6.884673e-02
2.125 -5.443764e-01
2.14583 -1.097329e+00
2.16667 -1.559967e+00
2.1875 -1.908415e+00
2.20833 -2.126392e+00
2.22917 -2.206133e+00
2.25 -2.148757e+00
2.27083 -1.964067e+00
2.29167 -1.669800e+00
2.3125 -1.290377e+00
2.33333 -8.552538e-01
2.35417 -3.969536e-01
2.375  5.106573e-02
2.39583  4.566001e-01
2.41667  7.907942e-01
2.4375  1.030021e+00
2.45833  1.157423e+00
2.47917  1.164032e+00
2.5  1.049375e+00
2.52083  8.215488e-01
2.54167  4.967300e-01
2.5625  9.816425e-02
2.58333 -3.453230e-01
2.60417 -8.011990e-01
2.625 -1.235368e+00
2.64583 -1.614452e+00
2.66667 -1.908063e+00
2.6875 -2.090917e+00
2.70833 -2.144642e+00
2.72917 -2.059152e+00
2.75 -1.833501e+00
2.77083 -1.476120e+00
2.79167 -1.004435e+00
2.8125 -4.438691e-01
2.83333  1.737175e-01
2.85417  8.120420e-01
2.875  1.432742e+00
2.89583  1.997890e+00
2.91667  2.472498e+00
2.9375  2.826856e+00
2.95833  3.038527e+00
2.97917  3.093858e+00
3  2.988912e+00
3.02083  2.729753e+00
3.04167  2.332050e+00
3.0625  1.820052e+00
3.08333  1.224988e+00
3.10417  5.830158e-01
3.125 -6.714601e-02
3.14583 -6.867333e-01
3.16667 -1.239434e+00
3.1875 -1.693697e+00
3.20833 -2.024710e+00
3.22917 -2.215909e+00
3.25 -2.259936e+00
3.27083 -2.158994e+00
3.29167 -1.924575e+00
3.3125 -1.576597e+00
3.33333 -1.142010e+00
3.35417 -6.529710e-01
3.375 -1.447028e-01
3.39583  3.468228e-01
3.41667  7.872277e-01
3.4375  1.145956e+00
3.45833  1.398244e+00
3.47917  1.526721e+00
3.5  1.522530e+00
3.52083  1.385911e+00
3.54167  1.126195e+00
3.5625  7.612295e-01
3.58333  3.162384e-01
3.60417 -1.777945e-01
3.625 -6.861315e-01
3.64583 -1.172552e+00
3.66667 -1.601749e+00
3.6875 -1.941692e+00
3.70833 -2.165811e+00
3.72917 -2.254849e+00
3.75 -2.198257e+00
3.77083 -1.995029e+00
3.79167 -1.653917e+00
3.8125 -1.192987e+00
3.83333 -6.385522e-01
3.85417 -2.352900e-02
3.875  6.146683e-01
3.89583  1.236565e+00
3.91667  1.803227e+00
3.9375  2.278852e+00
3.95833  2.633168e+00
3.97917  2.843476e+00
4  2.896188e+00
4.02083  2.787755e+00
4.04167  2.524921e+00
4.0625  2.124282e+00
4.08333  1.611177e+00
4.10417  1.018001e+00
4.125  3.820511e-01
4.14583 -2.569507e-01
4.16667 -8.594690e-01
4.1875 -1.388739e+00
4.20833 -1.813141e+00
4.22917 -2.108208e+00
4.25 -2.258143e+00
4.27083 -2.256748e+00
4.29167 -2.107711e+00
4.3125 -1.824253e+00
4.33333 -1.428150e+00
4.35417 -9.482251e-01
4.375 -4.183980e-01
4.39583  1.245690e-01
4.41667  6.434804e-01
4.4375  1.103122e+00
4.45833  1.472525e+00
4.47917  1.726949e+00
4.5  1.849450e+00
4.52083  1.831948e+00
4.54167  1.675731e+00
4.5625  1.391362e+00
4.58333  9.979952e-01
4.60417  5.221432e-01
4.625 -4.026817e-03
4.64583 -5.447707e-01
4.66667 -1.063087e+00
4.6875 -1.523136e+00
4.70833 -1.892604e+00
4.72917 -2.144866e+00
4.75 -2.260793e+00
4.77083 -2.230094e+00
4.79167 -2.052092e+00
4.8125 -1.735868e+00
4.83333 -1.299765e+00
4.85417 -7.702601e-01
4.875 -1.802897e-01
4.89583  4.328867e-01
4.91667  1.030131e+00
4.9375  1.573024e+00
4.95833  2.026434e+00
4.97917  2.360881e+00
5  2.554539e+00
5.02083  2.594719e+00
5.04167  2.478744e+00
5.0625  2.214141e+00
5.08333  1.818145e+00
5.10417  1.316535e+00
5.125  7.419079e-01
5.14583  1.314825e-01
5.16667 -4.753907e-01
5.1875 -1.039849e+00
5.20833 -1.526088e+00
5.22917 -1.903699e+00
5.25 -2.149634e+00
5.27083 -2.249649e+00
5.29167 -2.199158e+00
5.3125 -2.003433e+00
5.33333 -1.677154e+00
5.35417 -1.243358e+00
