-5 -2.198291e-01
-4.97917 -7.301913e-01
-4.95833 -1.199012e+00
-4.9375 -1.601649e+00
-4.91667 -1.917073e+00
-4.89583 -2.129239e+00
-4.875 -2.228180e+00
-4.85417 -2.210727e+00
-4.83333 -2.080789e+00
-4.8125 -1.849174e+00
-4.79167 -1.532938e+00
-4.77083 -1.154303e+00
-4.75 -7.392066e-01
-4.72917 -3.155892e-01
-4.70833  8.847358e-02
-4.6875  4.466574e-01
-4.66667  7.361610e-01
-4.64583  9.392375e-01
-4.625  1.044378e+00
-4.60417  1.047062e+00
-4.58333  9.500249e-01
-4.5625  7.630286e-01
-4.54167  5.021514e-01
-4.52083  1.886549e-01
-4.5 -1.524918e-01
-4.47917 -4.943245e-01
-4.45833 -8.097171e-01
-4.4375 -1.073210e+00
-4.41667 -1.262716e+00
-4.39583 -1.360998e+00
-4.375 -1.356821e+00
-4.35417 -1.245722e+00
-4.33333 -1.030348e+00
-4.3125 -7.203482e-01
-4.29167 -3.318376e-01
-4.27083  1.135422e-01
-4.25  5.899006e-01
-4.22917  1.068642e+00
-4.20833  1.520190e+00
-4.1875  1.915788e+00
-4.16667  2.229283e+00
-4.14583  2.438780e+00
-4.125  2.528083e+00
-4.10417  2.487815e+00
-4.08333  2.316162e+00
-4.0625  2.019177e+00
-4.04167  1.610610e+00
-4.02083  1.111261e+00
-4  5.478799e-01
-3.97917 -4.834412e-02
-3.95833 -6.436093e-01
-3.9375 -1.203554e+00
-3.91667 -1.695403e+00
-3.89583 -2.090071e+00
-3.875 -2.364083e+00
-3.85417 -2.501180e+00
-3.83333 -2.493483e+00
-3.8125 -2.342129e+00
-3.79167 -2.057319e+00
-3.77083 -1.657763e+00
-3.75 -1.169532e+00
-3.72917 -6.244063e-01
-3.70833 -5.781114e-02
-3.6875  4.935173e-01
-3.66667  9.939733e-01
-3.64583  1.411461e+00
-3.625  1.719546e+00
-3.60417  1.899221e+00
-3.58333  1.940172e+00
-3.5625  1.841442e+00
-3.54167  1.611467e+00
-3.52083  1.267465e+00
-3.5  8.342381e-01
-3.47917  3.424791e-01
-3.45833 -1.733147e-01
-3.4375 -6.771552e-01
-3.41667 -1.133958e+00
-3.39583 -1.511856e+00
-3.375 -1.784279e+00
-3.35417 -1.931671e+00
-3.33333 -1.942742e+00
-3.3125 -1.815182e+00
-3.29167 -1.555796e+00
-3.27083 -1.180073e+00
-3.25 -7.112043e-01
-3.22917 -1.786350e-01
-3.20833  3.837724e-01
-3.1875  9.398461e-01
-3.16667  1.453361e+00
-3.14583  1.890305e+00
-3.125  2.221038e+00
-3.10417  2.422187e+00
-3.08333  2.478201e+00
-3.0625  2.382438e+00
-3.04167  2.137723e+00
-3.02083  1.756342e+00
-3  1.259440e+00
-2.97917  6.758597e-01
-2.95833  4.047473e-02
-2.9375 -6.079021e-01
-2.91667 -1.228906e+00
-2.89583 -1.783166e+00
-2.875 -2.234846e+00
-2.85417 -2.554020e+00
-2.83333 -2.718713e+00
-2.8125 -2.716470e+00
-2.79167 -2.545328e+00
-2.77083 -2.214115e+00
-2.75 -1.742027e+00
-2.72917 -1.157516e+00
-2.70833 -4.965326e-01
-2.6875  1.997645e-01
-2.66667  8.876705e-01
-2.64583  1.523802e+00
-2.625  2.067963e+00
-2.60417  2.485819e+00
-2.58333  2.751179e+00
-2.5625  2.847736e+00
-2.54167  2.770143e+00
-2.52083  2.524339e+00
-2.5  2.127126e+00
-2.47917  1.605007e+00
-2.45833  9.923868e-01
-2.4375  3.292603e-01
-2.41667 -3.414540e-01
-2.39583 -9.767442e-01
-2.375 -1.536312e+00
-2.35417 -1.985170e+00
-2.33333 -2.295858e+00
-2.3125 -2.450152e+00
-2.29167 -2.440148e+00
-2.27083 -2.268678e+00
-2.25 -1.949042e+00
-2.22917 -1.504068e+00
-2.20833 -9.645953e-01
-2.1875 -3.674633e-01
-2.16667  2.468616e-01
-2.14583  8.368669e-01
-2.125  1.362633e+00
-2.10417  1.788371e+00
-2.08333  2.084706e+00
-2.0625  2.230571e+00
-2.04167  2.214604e+00
-2.02083  2.035947e+00
-2  1.704411e+00
-1.97917  1.239975e+00
-1.95833  6.716442e-01
-1.9375  3.572276e-02
-1.91667 -6.263978e-01
-1.89583 -1.270818e+00
-1.875 -1.853917e+00
-1.85417 -2.335181e+00
-1.83333 -2.679881e+00
-1.8125 -2.861446e+00
-1.79167 -2.863335e+00
-1.77083 -2.680307e+00
-1.75 -2.318962e+00
-1.72917 -1.797516e+00
-1.70833 -1.144797e+00
-1.6875 -3.985195e-01
-1.66667  3.970540e-01
-1.64583  1.193931e+00
-1.625  1.943482e+00
-1.60417  2.599613e+00
-1.58333  3.121791e+00
-1.5625  3.477716e+00
-1.54167  3.645453e+00
-1.52083  3.614871e+00
-1.5  3.388295e+00
-1.47917  2.980323e+00
-1.45833  2.416825e+00
-1.4375  1.733190e+00
-1.41667  9.719674e-01
-1.39583  1.800423e-01
-1.375 -5.944382e-01
-1.35417 -1.305187e+00
-1.33333 -1.910733e+00
-1.3125 -2.377026e+00
-1.29167 -2.679512e+00
-1.27083 -2.804569e+00
-1.25 -2.750209e+00
-1.22917 -2.526024e+00
-1.20833 -2.152396e+00
-1.1875 -1.659031e+00
-1.16667 -1.082919e+00
-1.14583 -4.658707e-01
-1.125  1.482242e-01
-1.10417  7.162401e-01
-1.08333  1.198583e+00
-1.0625  1.561721e+00
-1.04167  1.780323e+00
-1.02083  1.838881e+00
-1  1.732726e+00
-0.979167  1.468361e+00
-0.958333  1.063108e+00
-0.9375  5.440659e-01
-0.916667 -5.354523e-02
-0.895833 -6.885788e-01
-0.875 -1.316554e+00
-0.854167 -1.892498e+00
-0.833333 -2.373869e+00
-0.8125 -2.723371e+00
-0.791667 -2.911480e+00
-0.770833 -2.918517e+00
-0.75 -2.736122e+00
-0.729167 -2.368016e+00
-0.708333 -1.829988e+00
-0.6875 -1.149089e+00
-0.666667 -3.620715e-01
-0.645833  4.868342e-01
-0.625  1.348672e+00
-0.604167  2.172863e+00
-0.583333  2.910445e+00
-0.5625  3.517247e+00
-0.541667  3.956761e+00
-0.520833  4.202521e+00
-0.5  4.239835e+00
-0.479167  4.066722e+00
-0.458333  3.694022e+00
-0.4375  3.144638e+00
-0.416667  2.452003e+00
-0.395833  1.657845e+00
-0.375  8.094352e-01
-0.354167 -4.349843e-02
-0.333333 -8.519855e-01
-0.3125 -1.570925e+00
-0.291667 -2.161897e+00
-0.270833 -2.595490e+00
-0.25 -2.853001e+00
-0.229167 -2.927403e+00
-0.208333 -2.823548e+00
-0.1875 -2.557592e+00
-0.166667 -2.155710e+00
-0.145833 -1.652193e+00
-0.125 -1.087064e+00
-0.104167 -5.033696e-01
-0.0833333  5.566681e-02
-0.0625  5.494689e-01
-0.0416667  9.427172e-01
-0.0208333  1.207600e+00
0  1.325570e+00
0.0208333  1.288503e+00
0.0416667  1.099200e+00
0.0625  7.711982e-01
0.0833333  3.279102e-01
0.104167 -1.988649e-01
0.125 -7.709624e-01
0.145833 -1.346292e+00
0.166667 -1.881550e+00
0.1875 -2.335040e+00
0.208333 -2.669426e+00
0.229167 -2.854255e+00
0.25 -2.868071e+00
0.270833 -2.699987e+00
0.291667 -2.350613e+00
0.3125 -1.832241e+00
0.333333 -1.168289e+00
0.354167 -3.920089e-01
0.375  4.554727e-01
0.395833  1.327649e+00
0.416667  2.175520e+00
0.4375  2.950677e+00
0.458333  3.608385e+00
0.479167  4.110444e+00
0.5  4.427654e+00
0.520833  4.541690e+00
0.541667  4.446274e+00
0.5625  4.147555e+00
0.583333  3.663667e+00
0.604167  3.023510e+00
0.625  2.264828e+00
0.645833  1.431721e+00
0.666667  5.717718e-01
0.6875 -2.670141e-01
0.708333 -1.039257e+00
0.729167 -1.705021e+00
0.75 -2.232224e+00
0.770833 -2.598489e+00
0.791667 -2.792317e+00
0.8125 -2.813530e+00
0.833333 -2.672968e+00
0.854167 -2.391476e+00
0.875 -1.998271e+00
0.895833 -1.528805e+00
0.916667 -1.022281e+00
0.9375 -5.189779e-01
0.958333 -5.757356e-02
0.979167  3.273850e-01
1  6.076940e-01
1.02083  7.632669e-01
1.04167  7.833668e-01
1.0625  6.672311e-01
1.08333  4.240581e-01
1.10417  7.236395e-02
1.125 -3.612470e-01
1.14583 -8.438213e-01
1.16667 -1.338199e+00
1.1875 -1.805434e+00
1.20833 -2.207335e+00
1.22917 -2.508995e+00
1.25 -2.681129e+00
1.27083 -2.702091e+00
1.29167 -2.559430e+00
1.3125 -2.250890e+00
1.33333 -1.784771e+00
1.35417 -1.179620e+00
1.375 -4.632664e-01
1.39583  3.287585e-01
1.41667  1.155323e+00
1.4375  1.972184e+00
1.45833  2.734716e+00
1.47917  3.400691e+00
1.5  3.932940e+00
1.52083  4.301703e+00
1.54167  4.486516e+00
1.5625  4.477506e+00
1.58333  4.275990e+00
1.60417  3.894360e+00
1.625  3.355234e+00
1.64583  2.689955e+00
1.66667  1.936531e+00
1.6875  1.137163e+00
1.70833  3.355347e-01
1.72917 -4.259543e-01
1.75 -1.108817e+00
1.77083 -1.680799e+00
1.79167 -2.117744e+00
1.8125 -2.404875e+00
1.83333 -2.537439e+00
1.85417 -2.520674e+00
1.875 -2.369122e+00
1.89583 -2.105359e+00
1.91667 -1.758234e+00
1.9375 -1.360753e+00
1.95833 -9.477457e-01
1.97917 -5.534901e-01
2 -2.094261e-01
2.02083  5.788294e-02
2.04167  2.284282e-01
2.0625  2.899749e-01
2.08333  2.387597e-01
2.10417  7.963464e-02
2.125 -1.743395e-01
2.14583 -5.028180e-01
2.16667 -8.795505e-01
2.1875 -1.274127e+00
2.20833 -1.653980e+00
2.22917 -1.986533e+00
2.25 -2.241347e+00
2.27083 -2.392156e+00
2.29167 -2.418656e+00
2.3125 -2.307938e+00
2.33333 -2.055480e+00
2.35417 -1.665622e+00
2.375 -1.151491e+00
2.39583 -5.343763e-01
2.41667  1.574267e-01
2.4375  8.902286e-01
2.45833  1.626927e+00
2.47917  2.329233e+00
2.5  2.960001e+00
2.52083  3.485518e+00
2.54167  3.877595e+00
2.5625  4.115320e+00
2.58333  4.186362e+00
2.60417  4.087724e+00
2.625  3.825904e+00
2.64583  3.416434e+00
2.66667  2.882855e+00
2.6875  2.255165e+00
2.70833  1.567879e+00
2.72917  8.578198e-01
2.75  1.617902e-01
2.77083 -4.857039e-01
2.79167 -1.054533e+00
2.8125 -1.520685e+00
2.83333 -1.867564e+00
2.85417 -2.086762e+00
2.875 -2.178266e+00
2.89583 -2.150119e+00
2.91667 -2.017548e+00
2.9375 -1.801660e+00
2.95833 -1.527789e+00
2.97917 -1.223631e+00
3 -9.172786e-01
3.02083 -6.353090e-01
3.04167 -4.010236e-01
3.0625 -2.329648e-01
3.08333 -1.437838e-01
3.10417 -1.395226e-01
3.125 -2.193403e-01
3.14583 -3.756873e-01
3.16667 -5.949052e-01
3.1875 -8.582046e-01
3.20833 -1.142955e+00
3.22917 -1.424208e+00
3.25 -1.676348e+00
3.27083 -1.874796e+00
3.29167 -1.997640e+00
3.3125 -2.027110e+00
3.33333 -1.950815e+00
3.35417 -1.762653e+00
3.375 -1.463354e+00
3.39583 -1.060598e+00
3.41667 -5.687228e-01
3.4375 -7.999703e-03
3.45833  5.964562e-01
3.47917  1.216102e+00
3.5  1.820616e+00
3.52083  2.379685e+00
3.54167  2.864820e+00
3.5625  3.251075e+00
3.58333  3.518575e+00
3.60417  3.653724e+00
3.625  3.650043e+00
3.64583  3.508547e+00
3.66667  3.237656e+00
3.6875  2.852634e+00
3.70833  2.374593e+00
3.72917  1.829140e+00
3.75  1.244742e+00
3.77083  6.509463e-01
3.79167  7.655452e-02
3.8125 -4.521031e-01
3.83333 -9.126942e-01
3.85417 -1.288103e+00
3.875 -1.567271e+00
3.89583 -1.745609e+00
3.91667 -1.824971e+00
3.9375 -1.813208e+00
3.95833 -1.723340e+00
3.97917 -1.572426e+00
4 -1.380219e+00
4.02083 -1.167696e+00
4.04167 -9.555770e-01
4.0625 -7.629288e-01
4.08333 -6.059292e-01
4.10417 -4.968772e-01
4.125 -4.434926e-01
4.14583 -4.485369e-01
4.16667 -5.097665e-01
4.1875 -6.202052e-01
4.20833 -7.687101e-01
4.22917 -9.407841e-01
4.25 -1.119583e+00
4.27083 -1.287053e+00
4.29167 -1.425133e+00
4.3125 -1.516948e+00
4.33333 -1.547936e+00
4.35417 -1.506835e+00
