-5  4.769123e-02
-4.97917  1.300454e-01
-4.95833  9.329392e-02
-4.9375 -5.900299e-02
-4.91667 -3.142581e-01
-4.89583 -6.517121e-01
-4.875 -1.043814e+00
-4.85417 -1.458041e+00
-4.83333 -1.859053e+00
-4.8125 -2.211039e+00
-4.79167 -2.480132e+00
-4.77083 -2.636721e+00
-4.75 -2.657537e+00
-4.72917 -2.527354e+00
-4.70833 -2.240218e+00
-4.6875 -1.800087e+00
-4.66667 -1.220861e+00
-4.64583 -5.257632e-01
-4.625  2.538955e-01
-4.60417  1.080486e+00
-4.58333  1.912280e+00
-4.5625  2.705965e+00
-4.54167  3.419301e+00
-4.52083  4.013748e+00
-4.5  4.456881e+00
-4.47917  4.724437e+00
-4.45833  4.801844e+00
-4.4375  4.685147e+00
-4.41667  4.381235e+00
-4.39583  3.907384e+00
-4.375  3.290126e+00
-4.35417  2.563534e+00
-4.33333  1.767039e+00
-4.3125  9.429190e-01
-4.29167  1.336600e-01
-4.27083 -6.206676e-01
-4.25 -1.284815e+00
-4.22917 -1.830402e+00
-4.20833 -2.237464e+00
-4.1875 -2.495428e+00
-4.16667 -2.603441e+00
-4.14583 -2.570066e+00
-4.125 -2.412379e+00
-4.10417 -2.154534e+00
-4.08333 -1.825914e+00
-4.0625 -1.458997e+00
-4.04167 -1.087081e+00
-4.02083 -7.420140e-01
-4 -4.520808e-01
-3.97917 -2.401712e-01
-3.95833 -1.223342e-01
-3.9375 -1.068047e-01
-3.91667 -1.935513e-01
-3.89583 -3.743624e-01
-3.875 -6.334602e-01
-3.85417 -9.485962e-01
-3.83333 -1.292559e+00
-3.8125 -1.635002e+00
-3.79167 -1.944473e+00
-3.77083 -2.190534e+00
-3.75 -2.345830e+00
-3.72917 -2.387986e+00
-3.70833 -2.301219e+00
-3.6875 -2.077542e+00
-3.66667 -1.717512e+00
-3.64583 -1.230425e+00
-3.625 -6.339809e-01
-3.60417  4.661065e-02
-3.58333  7.800103e-01
-3.5625  1.530549e+00
-3.54167  2.260334e+00
-3.52083  2.931538e+00
-3.5  3.508708e+00
-3.47917  3.960969e+00
-3.45833  4.263948e+00
-3.4375  4.401305e+00
-3.41667  4.365766e+00
-3.39583  4.159574e+00
-3.375  3.794334e+00
-3.35417  3.290261e+00
-3.33333  2.674878e+00
-3.3125  1.981256e+00
-3.29167  1.245917e+00
-3.27083  5.065429e-01
-3.25 -2.003494e-01
-3.22917 -8.416155e-01
-3.20833 -1.389423e+00
-3.1875 -1.822798e+00
-3.16667 -2.128690e+00
-3.14583 -2.302484e+00
-3.125 -2.347958e+00
-3.10417 -2.276682e+00
-3.08333 -2.106942e+00
-3.0625 -1.862250e+00
-3.04167 -1.569566e+00
-3.02083 -1.257361e+00
-3 -9.536318e-01
-2.97917 -6.840219e-01
-2.95833 -4.701480e-01
-2.9375 -3.282384e-01
-2.91667 -2.681588e-01
-2.89583 -2.928743e-01
-2.875 -3.983698e-01
-2.85417 -5.740222e-01
-2.83333 -8.033938e-01
-2.8125 -1.065389e+00
-2.79167 -1.335699e+00
-2.77083 -1.588454e+00
-2.75 -1.797963e+00
-2.72917 -1.940457e+00
-2.70833 -1.995722e+00
-2.6875 -1.948524e+00
-2.66667 -1.789737e+00
-2.64583 -1.517102e+00
-2.625 -1.135577e+00
-2.60417 -6.572319e-01
-2.58333 -1.006939e-01
-2.5625  5.098215e-01
-2.54167  1.145858e+00
-2.52083  1.776355e+00
-2.5  2.369482e+00
-2.47917  2.894554e+00
-2.45833  3.323904e+00
-2.4375  3.634596e+00
-2.41667  3.809854e+00
-2.39583  3.840127e+00
-2.375  3.723687e+00
-2.35417  3.466748e+00
-2.33333  3.083069e+00
-2.3125  2.593086e+00
-2.29167  2.022614e+00
-2.27083  1.401221e+00
-2.25  7.603789e-01
-2.22917  1.315240e-01
-2.20833 -4.558497e-01
-2.1875 -9.759262e-01
-2.16667 -1.408024e+00
-2.14583 -1.737677e+00
-2.125 -1.957286e+00
-2.10417 -2.066290e+00
-2.08333 -2.070883e+00
-2.0625 -1.983297e+00
-2.04167 -1.820714e+00
-2.02083 -1.603901e+00
-2 -1.355658e+00
-1.97917 -1.099206e+00
-1.95833 -8.565942e-01
-1.9375 -6.472631e-01
-1.91667 -4.868181e-01
-1.89583 -3.861033e-01
-1.875 -3.506120e-01
-1.85417 -3.802626e-01
-1.83333 -4.695374e-01
-1.8125 -6.079676e-01
-1.79167 -7.809234e-01
-1.77083 -9.706547e-01
-1.75 -1.157517e+00
-1.72917 -1.321309e+00
-1.70833 -1.442635e+00
-1.6875 -1.504232e+00
-1.66667 -1.492153e+00
-1.64583 -1.396778e+00
-1.625 -1.213553e+00
-1.60417 -9.434349e-01
-1.58333 -5.930086e-01
-1.5625 -1.742515e-01
-1.54167  2.960367e-01
-1.52083  7.971162e-01
-1.5  1.305455e+00
-1.47917  1.796079e+00
-1.45833  2.244038e+00
-1.4375  2.625908e+00
-1.41667  2.921223e+00
-1.39583  3.113750e+00
-1.375  3.192515e+00
-1.35417  3.152516e+00
-1.33333  2.995056e+00
-1.3125  2.727691e+00
-1.29167  2.363771e+00
-1.27083  1.921619e+00
-1.25  1.423399e+00
-1.22917  8.937395e-01
-1.20833  3.582296e-01
-1.1875 -1.581321e-01
-1.16667 -6.324134e-01
-1.14583 -1.045057e+00
-1.125 -1.380938e+00
-1.10417 -1.630094e+00
-1.08333 -1.788112e+00
-1.0625 -1.856122e+00
-1.04167 -1.840451e+00
-1.02083 -1.751947e+00
-1 -1.605035e+00
-0.979167 -1.416602e+00
-0.958333 -1.204759e+00
-0.9375 -9.875969e-01
-0.916667 -7.819973e-01
-0.895833 -6.025795e-01
-0.875 -4.608420e-01
-0.854167 -3.645406e-01
-0.833333 -3.173291e-01
-0.8125 -3.186724e-01
-0.791667 -3.640235e-01
-0.770833 -4.452441e-01
-0.75 -5.512347e-01
-0.729167 -6.687325e-01
-0.708333 -7.832280e-01
-0.6875 -8.799478e-01
-0.666667 -9.448488e-01
-0.645833 -9.655694e-01
-0.625 -9.322866e-01
-0.604167 -8.384293e-01
-0.583333 -6.812084e-01
-0.5625 -4.619278e-01
-0.541667 -1.860554e-01
-0.520833  1.369601e-01
-0.5  4.941208e-01
-0.479167  8.695449e-01
-0.458333  1.245332e+00
-0.4375  1.602580e+00
-0.416667  1.922502e+00
-0.395833  2.187560e+00
-0.375  2.382561e+00
-0.354167  2.495627e+00
-0.333333  2.518976e+00
-0.3125  2.449463e+00
-0.291667  2.288828e+00
-0.270833  2.043643e+00
-0.25  1.724942e+00
-0.229167  1.347575e+00
-0.208333  9.293155e-01
-0.1875  4.897884e-01
-0.166667  4.929407e-02
-0.145833 -3.723920e-01
-0.125 -7.571606e-01
-0.104167 -1.089576e+00
-0.0833333 -1.357681e+00
-0.0625 -1.553558e+00
-0.0416667 -1.673612e+00
-0.0208333 -1.718571e+00
0 -1.693212e+00
0.0208333 -1.605857e+00
0.0416667 -1.467670e+00
0.0625 -1.291814e+00
0.0833333 -1.092542e+00
0.104167 -8.842650e-01
0.125 -6.806697e-01
0.145833 -4.939254e-01
0.166667 -3.340281e-01
0.1875 -2.083054e-01
0.208333 -1.211015e-01
0.229167 -7.364976e-02
0.25 -6.412726e-02
0.270833 -8.788246e-02
0.291667 -1.378164e-01
0.3125 -2.048943e-01
0.333333 -2.787609e-01
0.354167 -3.484262e-01
0.375 -4.029905e-01
0.395833 -4.323706e-01
0.416667 -4.279902e-01
0.4375 -3.833972e-01
0.458333 -2.947704e-01
0.479167 -1.612815e-01
0.5  1.471402e-02
0.520833  2.276803e-01
0.541667  4.691066e-01
0.5625  7.279143e-01
0.583333  9.910485e-01
0.604167  1.244225e+00
0.625  1.472791e+00
0.645833  1.662643e+00
0.666667  1.801141e+00
0.6875  1.877967e+00
0.708333  1.885843e+00
0.729167  1.821076e+00
0.75  1.683879e+00
0.770833  1.478439e+00
0.791667  1.212726e+00
0.8125  8.980599e-01
0.833333  5.484551e-01
0.854167  1.797970e-01
0.875 -1.910951e-01
0.895833 -5.474511e-01
0.916667 -8.735132e-01
0.9375 -1.155414e+00
0.958333 -1.381916e+00
0.979167 -1.544963e+00
1 -1.640028e+00
1.02083 -1.666230e+00
1.04167 -1.626242e+00
1.0625 -1.525986e+00
1.08333 -1.374170e+00
1.10417 -1.181678e+00
1.125 -9.608876e-01
1.14583 -7.249206e-01
1.16667 -4.869041e-01
1.1875 -2.592581e-01
1.20833 -5.305231e-02
1.22917  1.225435e-01
1.25  2.606925e-01
1.27083  3.571925e-01
1.29167  4.106354e-01
1.3125  4.224183e-01
1.33333  3.966064e-01
1.35417  3.396514e-01
1.375  2.599759e-01
1.39583  1.674404e-01
1.41667  7.271442e-02
1.4375 -1.341629e-02
1.45833 -8.077162e-02
1.47917 -1.204859e-01
1.5 -1.256585e-01
1.52083 -9.190169e-02
1.54167 -1.774172e-02
1.5625  9.516076e-02
1.58333  2.419980e-01
1.60417  4.150215e-01
1.625  6.039641e-01
1.64583  7.966571e-01
1.66667  9.798070e-01
1.6875  1.139880e+00
1.70833  1.264033e+00
1.72917  1.341029e+00
1.75  1.362061e+00
1.77083  1.321428e+00
1.79167  1.217012e+00
1.8125  1.050517e+00
1.83333  8.274489e-01
1.85417  5.568437e-01
1.875  2.507578e-01
1.89583 -7.643995e-02
1.91667 -4.089230e-01
1.9375 -7.303496e-01
1.95833 -1.024827e+00
1.97917 -1.277838e+00
2 -1.477062e+00
2.02083 -1.613055e+00
2.04167 -1.679747e+00
2.0625 -1.674725e+00
2.08333 -1.599312e+00
2.10417 -1.458432e+00
2.125 -1.260279e+00
2.14583 -1.015822e+00
2.16667 -7.381748e-01
2.1875 -4.418627e-01
2.20833 -1.420307e-01
2.22917  1.463682e-01
2.25  4.093684e-01
2.27083  6.347293e-01
2.29167  8.125827e-01
2.3125  9.359569e-01
2.33333  1.001148e+00
2.35417  1.007918e+00
2.375  9.595012e-01
2.39583  8.624104e-01
2.41667  7.260501e-01
2.4375  5.621427e-01
2.45833  3.839986e-01
2.47917  2.056655e-01
2.5  4.100608e-02
2.52083 -9.723931e-02
2.54167 -1.983421e-01
2.5625 -2.543638e-01
2.58333 -2.607637e-01
2.60417 -2.167851e-01
2.625 -1.255847e-01
2.64583  5.915729e-03
2.66667  1.674516e-01
2.6875  3.460906e-01
2.70833  5.271173e-01
2.72917  6.950657e-01
2.75  8.348281e-01
2.77083  9.327574e-01
2.79167  9.776838e-01
2.8125  9.617684e-01
2.83333  8.811320e-01
2.85417  7.362110e-01
2.875  5.318175e-01
2.89583  2.768982e-01
2.91667 -1.598907e-02
2.9375 -3.314396e-01
2.95833 -6.521553e-01
2.97917 -9.600180e-01
3 -1.237211e+00
3.02083 -1.467314e+00
3.04167 -1.636306e+00
3.0625 -1.733413e+00
3.08333 -1.751751e+00
3.10417 -1.688740e+00
3.125 -1.546258e+00
3.14583 -1.330542e+00
3.16667 -1.051847e+00
3.1875 -7.238732e-01
3.20833 -3.630122e-01
3.22917  1.255581e-02
3.25  3.838647e-01
3.27083  7.322110e-01
3.29167  1.040194e+00
3.3125  1.292694e+00
3.33333  1.477731e+00
3.35417  1.587163e+00
3.375  1.617172e+00
3.39583  1.568507e+00
3.41667  1.446467e+00
3.4375  1.260604e+00
3.45833  1.024165e+00
3.47917  7.532882e-01
3.5  4.660044e-01
3.52083  1.810879e-01
3.54167 -8.316122e-02
3.5625 -3.101297e-01
3.58333 -4.860152e-01
3.60417 -6.007796e-01
3.625 -6.488604e-01
3.64583 -6.295817e-01
3.66667 -5.472285e-01
3.6875 -4.107690e-01
3.70833 -2.332399e-01
3.72917 -3.083068e-02
3.75  1.782696e-01
3.77083  3.751822e-01
3.79167  5.417112e-01
3.8125  6.616792e-01
3.83333  7.221275e-01
3.85417  7.142952e-01
3.875  6.343040e-01
3.89583  4.835022e-01
3.91667  2.684433e-01
3.9375  5.037777e-04
3.95833 -3.048310e-01
3.97917 -6.289600e-01
4 -9.513682e-01
4.02083 -1.250954e+00
4.04167 -1.507393e+00
4.0625 -1.702449e+00
4.08333 -1.821149e+00
4.10417 -1.852752e+00
4.125 -1.791458e+00
4.14583 -1.636810e+00
4.16667 -1.393777e+00
4.1875 -1.072519e+00
4.20833 -6.878413e-01
4.22917 -2.583803e-01
4.25  1.944374e-01
4.27083  6.475995e-01
4.29167  1.077814e+00
4.3125  1.462840e+00
4.33333  1.782779e+00
4.35417  2.021234e+00
4.375  2.166293e+00
4.39583  2.211258e+00
4.41667  2.155077e+00
4.4375  2.002447e+00
4.45833  1.763574e+00
4.47917  1.453584e+00
4.5  1.091625e+00
4.52083  6.997007e-01
4.54167  3.012963e-01
4.5625 -8.010679e-02
4.58333 -4.225430e-01
4.60417 -7.069945e-01
4.625 -9.186468e-01
4.64583 -1.047874e+00
4.66667 -1.090881e+00
4.6875 -1.049952e+00
4.70833 -9.332722e-01
4.72917 -7.543411e-01
4.75 -5.310013e-01
4.77083 -2.841547e-01
4.79167 -3.625377e-02
4.8125  1.903259e-01
4.83333  3.749134e-01
4.85417  5.000542e-01
4.875  5.527961e-01
4.89583  5.256577e-01
4.91667  4.172094e-01
4.9375  2.322288e-01
4.95833 -1.858000e-02
4.97917 -3.192793e-01
5 -6.497528e-01
5.02083 -9.870458e-01
5.04167 -1.306898e+00
5.0625 -1.585363e+00
5.08333 -1.800408e+00
5.10417 -1.933386e+00
5.125 -1.970294e+00
5.14583 -1.902733e+00
5.16667 -1.728519e+00
5.1875 -1.451910e+00
5.20833 -1.083433e+00
5.22917 -6.393339e-01
5.25 -1.406822e-01
5.27083  3.878214e-01
5.29167  9.192564e-01
5.3125  1.426037e+00
5.33333  1.881515e+00
5.35417  2.261552e+00
5.375  2.545945e+00
5.39583  2.719652e+00
5.41667  2.773714e+00
5.4375  2.705835e+00
5.45833  2.520565e+00
5.47917  2.229073e+00
5.5  1.848513e+00
5.52083  1.401010e+00
5.54167  9.123262e-01
5.5625  4.102770e-01
5.58333 -7.700144e-02
5.60417 -5.228263e-01
5.625 -9.036669e-01
5.64583 -1.200653e+00
5.66667 -1.400784e+00
5.6875 -1.497758e+00
5.70833 -1.492350e+00
5.72917 -1.392301e+00
5.75 -1.211739e+00
5.77083 -9.701388e-01
5.79167 -6.909171e-01
5.8125 -3.997363e-01
5.83333 -1.226517e-01
5.85417  1.157730e-01
5.875  2.942460e-01
5.89583  3.962959e-01
5.91667  4.114774e-01
5.9375  3.361488e-01
5.95833  1.737673e-01
5.97917 -6.531625e-02
6 -3.645477e-01
6.02083 -7.022922e-01
6.04167 -1.053309e+00
6.0625 -1.390474e+00
6.08333 -1.686634e+00
6.10417 -1.916459e+00
6.125 -2.058178e+00
6.14583 -2.095088e+00
6.16667 -2.016723e+00
6.1875 -1.819637e+00
6.20833 -1.507736e+00
6.22917 -1.092150e+00
6.25 -5.906542e-01
6.27083 -2.668399e-02
6.29167  5.720062e-01
6.3125  1.174949e+00
6.33333  1.750746e+00
6.35417  2.268911e+00
6.375  2.701680e+00
6.39583  3.025674e+00
6.41667  3.223305e+00
6.4375  3.283863e+00
6.45833  3.204194e+00
6.47917  2.988938e+00
6.5  2.650290e+00
6.52083  2.207310e+00
6.54167  1.684799e+00
6.5625  1.111809e+00
6.58333  5.198797e-01
6.60417 -5.890456e-02
6.625 -5.939054e-01
6.64583 -1.057844e+00
6.66667 -1.428512e+00
6.6875 -1.690158e+00
6.70833 -1.834456e+00
6.72917 -1.860984e+00
6.75 -1.777163e+00
6.77083 -1.597672e+00
6.79167 -1.343359e+00
6.8125 -1.039717e+00
6.83333 -7.150519e-01
6.85417 -3.984328e-01
6.875 -1.176056e-01
6.89583  1.030080e-01
6.91667  2.440722e-01
6.9375  2.927357e-01
6.95833  2.435694e-01
6.97917  9.897623e-02
7 -1.309541e-01
7.02083 -4.291335e-01
7.04167 -7.726552e-01
7.0625 -1.134381e+00
7.08333 -1.484824e+00
7.10417 -1.794194e+00
7.125 -2.034463e+00
7.14583 -2.181326e+00
7.16667 -2.215899e+00
7.1875 -2.126079e+00
7.20833 -1.907453e+00
7.22917 -1.563719e+00
7.25 -1.106581e+00
7.27083 -5.551506e-01
7.29167  6.513172e-02
7.3125  7.239583e-01
7.33333  1.387929e+00
7.35417  2.022519e+00
7.375  2.594125e+00
7.39583  3.072064e+00
7.41667  3.430415e+00
7.4375  3.649578e+00
7.45833  3.717472e+00
7.47917  3.630287e+00
7.5  3.392752e+00
7.52083  3.017881e+00
7.54167  2.526233e+00
7.5625  1.944689e+00
7.58333  1.304853e+00
7.60417  6.411410e-01
7.625 -1.131506e-02
7.64583 -6.188172e-01
7.66667 -1.151174e+00
7.6875 -1.583555e+00
7.70833 -1.898012e+00
7.72917 -2.084551e+00
7.75 -2.141679e+00
7.77083 -2.076399e+00
7.79167 -1.903619e+00
7.8125 -1.645035e+00
7.83333 -1.327543e+00
7.85417 -9.813003e-01
7.875 -6.375530e-01
7.89583 -3.263973e-01
7.91667 -7.462122e-02
7.9375  9.621781e-02
7.95833  1.713413e-01
7.97917  1.438159e-01
8  1.506123e-02
8.02083 -2.052355e-01
8.04167 -4.997915e-01
8.0625 -8.449368e-01
8.08333 -1.212274e+00
8.10417 -1.570668e+00
8.125 -1.888433e+00
8.14583 -2.135557e+00
8.16667 -2.285821e+00
8.1875 -2.318659e+00
8.20833 -2.220656e+00
8.22917 -1.986560e+00
8.25 -1.619779e+00
8.27083 -1.132303e+00
8.29167 -5.440885e-01
8.3125  1.180703e-01
8.33333  8.221002e-01
8.35417  1.532538e+00
8.375  2.212633e+00
8.39583  2.826539e+00
8.41667  3.341445e+00
8.4375  3.729548e+00
8.45833  3.969710e+00
8.47917  4.048741e+00
8.5  3.962199e+00
8.52083  3.714676e+00
8.54167  3.319541e+00
8.5625  2.798162e+00
8.58333  2.178640e+00
8.60417  1.494127e+00
8.625  7.808423e-01
8.64583  7.588359e-02
8.66667 -5.850153e-01
8.6875 -1.169650e+00
8.70833 -1.651290e+00
8.72917 -2.010281e+00
8.75 -2.235192e+00
8.77083 -2.323426e+00
8.79167 -2.281256e+00
8.8125 -2.123269e+00
8.83333 -1.871253e+00
8.85417 -1.552601e+00
8.875 -1.198331e+00
8.89583 -8.408640e-01
8.91667 -5.117028e-01
8.9375 -2.391849e-01
8.95833 -4.645680e-02
8.97917  5.018034e-02
9  4.243899e-02
9.02083 -6.935692e-02
9.04167 -2.762863e-01
9.0625 -5.614565e-01
9.08333 -9.011947e-01
9.10417 -1.266720e+00
9.125 -1.626180e+00
9.14583 -1.946903e+00
9.16667 -2.197712e+00
9.1875 -2.351151e+00
9.20833 -2.385445e+00
9.22917 -2.286100e+00
9.25 -2.047004e+00
9.27083 -1.670988e+00
9.29167 -1.169793e+00
9.3125 -5.634628e-01
9.33333  1.207875e-01
9.35417  8.501718e-01
9.375  1.588274e+00
9.39583  2.297218e+00
9.41667  2.939933e+00
9.4375  3.482360e+00
9.45833  3.895490e+00
9.47917  4.157085e+00
9.5  4.253003e+00
9.52083  4.178041e+00
9.54167  3.936233e+00
9.5625  3.540620e+00
9.58333  3.012461e+00
9.60417  2.379974e+00
9.625  1.676648e+00
9.64583  9.392437e-01
9.66667  2.055936e-01
9.6875 -4.876571e-01
9.70833 -1.107240e+00
9.72917 -1.625241e+00
9.75 -2.020735e+00
9.77083 -2.280986e+00
9.79167 -2.402109e+00
9.8125 -2.389170e+00
9.83333 -2.255692e+00
9.85417 -2.022607e+00
9.875 -1.716711e+00
9.89583 -1.368733e+00
9.91667 -1.011134e+00
9.9375 -6.757954e-01
9.95833 -3.917508e-01
9.97917 -1.831206e-01
10 -6.739513e-02
10.0208 -5.418834e-02
10.0417 -1.445499e-01
10.0625 -3.308867e-01
10.0833 -5.974997e-01
10.1042 -9.216980e-01
10.125 -1.275411e+00
10.1458 -1.627186e+00
10.1667 -1.944427e+00
10.1875 -2.195723e+00
10.2083 -2.353099e+00
10.2292 -2.394033e+00
10.25 -2.303117e+00
10.2708 -2.073227e+00
10.2917 -1.706157e+00
10.3125 -1.212649e+00
10.3333 -6.118521e-01
10.3542  6.977261e-02
10.375  8.000077e-01
10.3958  1.542801e+00
10.4167  2.260422e+00
10.4375  2.915721e+00
10.4583  3.474347e+00
10.4792  3.906784e+00
10.5  4.190098e+00
10.5208  4.309283e+00
10.5417  4.258120e+00
10.5625  4.039527e+00
10.5833  3.665359e+00
10.6042  3.155679e+00
10.625  2.537556e+00
10.6458  1.843445e+00
10.6667  1.109260e+00
10.6875  3.722440e-01
10.7083 -3.312332e-01
10.7292 -9.678098e-01
10.75 -1.509083e+00
10.7708 -1.933241e+00
10.7917 -2.226287e+00
10.8125 -2.382758e+00
10.8333 -2.405904e+00
10.8542 -2.307308e+00
10.875 -2.105957e+00
10.8958 -1.826837e+00
10.9167 -1.499127e+00
10.9375 -1.154119e+00
10.9583 -8.229951e-01
10.9792 -5.346250e-01
11 -3.135203e-01
11.0208 -1.781002e-01
11.0417 -1.393865e-01
11.0625 -2.002217e-01
11.0833 -3.550685e-01
11.1042 -5.904048e-01
11.125 -8.856894e-01
11.1458 -1.214830e+00
11.1667 -1.548047e+00
11.1875 -1.854011e+00
11.2083 -2.102086e+00
11.2292 -2.264544e+00
11.25 -2.318573e+00
11.2708 -2.247958e+00
11.2917 -2.044319e+00
11.3125 -1.707814e+00
11.3333 -1.247283e+00
11.3542 -6.798066e-01
