-4 -4.470744e-01
-3.97917 -2.384540e-01
-3.95833 -4.514962e-02
-3.9375  1.155090e-01
-3.91667  2.288685e-01
-3.89583  2.839869e-01
-3.875  2.744205e-01
-3.85417  1.987067e-01
-3.83333  6.050369e-02
-3.8125 -1.316263e-01
-3.79167 -3.647792e-01
-3.77083 -6.225798e-01
-3.75 -8.863019e-01
-3.72917 -1.136159e+00
-3.70833 -1.352676e+00
-3.6875 -1.518037e+00
-3.66667 -1.617326e+00
-3.64583 -1.639563e+00
-3.625 -1.578462e+00
-3.60417 -1.432870e+00
-3.58333 -1.206858e+00
-3.5625 -9.094546e-01
-3.54167 -5.540648e-01
-3.52083 -1.576036e-01
-3.5  2.605742e-01
-3.47917  6.798778e-01
-3.45833  1.079733e+00
-3.4375  1.440795e+00
-3.41667  1.746056e+00
-3.39583  1.981764e+00
-3.375  2.138124e+00
-3.35417  2.209734e+00
-3.33333  2.195749e+00
-3.3125  2.099776e+00
-3.29167  1.929518e+00
-3.27083  1.696201e+00
-3.25  1.413824e+00
-3.22917  1.098287e+00
-3.20833  7.664397e-01
-3.1875  4.351171e-01
-3.16667  1.202016e-01
-3.14583 -1.642314e-01
-3.125 -4.066464e-01
-3.10417 -5.986208e-01
-3.08333 -7.352292e-01
-3.0625 -8.152222e-01
-3.04167 -8.409860e-01
-3.02083 -8.182882e-01
-3 -7.558199e-01
-2.97917 -6.645590e-01
-2.95833 -5.569914e-01
-2.9375 -4.462338e-01
-2.91667 -3.451127e-01
-2.89583 -2.652584e-01
-2.875 -2.162731e-01
-2.85417 -2.050317e-01
-2.83333 -2.351657e-01
-2.8125 -3.067687e-01
-2.79167 -4.163501e-01
-2.77083 -5.570420e-01
-2.75 -7.190502e-01
-2.72917 -8.903186e-01
-2.70833 -1.057361e+00
-2.6875 -1.206201e+00
-2.66667 -1.323353e+00
-2.64583 -1.396773e+00
-2.625 -1.416708e+00
-2.60417 -1.376392e+00
-2.58333 -1.272527e+00
-2.5625 -1.105537e+00
-2.54167 -8.795649e-01
-2.52083 -6.022308e-01
-2.5 -2.841693e-01
-2.47917  6.161124e-02
-2.45833  4.204991e-01
-2.4375  7.771240e-01
-2.41667  1.116217e+00
-2.39583  1.423430e+00
-2.375  1.686074e+00
-2.35417  1.893725e+00
-2.33333  2.038684e+00
-2.3125  2.116272e+00
-2.29167  2.124945e+00
-2.27083  2.066259e+00
-2.25  1.944673e+00
-2.22917  1.767231e+00
-2.20833  1.543125e+00
-2.1875  1.283190e+00
-2.16667  9.993323e-01
-2.14583  7.039295e-01
-2.125  4.092284e-01
-2.10417  1.267593e-01
-2.08333 -1.332053e-01
-2.0625 -3.621240e-01
-2.04167 -5.535716e-01
-2.02083 -7.035128e-01
-2 -8.104497e-01
-1.97917 -8.754292e-01
-1.95833 -9.019042e-01
-1.9375 -8.954520e-01
-1.91667 -8.633586e-01
-1.89583 -8.140925e-01
-1.875 -7.566947e-01
-1.85417 -7.001258e-01
-1.83333 -6.526116e-01
-1.8125 -6.210341e-01
-1.79167 -6.104126e-01
-1.77083 -6.235149e-01
-1.75 -6.606288e-01
-1.72917 -7.195153e-01
-1.70833 -7.955469e-01
-1.6875 -8.820245e-01
-1.66667 -9.706487e-01
-1.64583 -1.052111e+00
-1.625 -1.116761e+00
-1.60417 -1.155299e+00
-1.58333 -1.159448e+00
-1.5625 -1.122552e+00
-1.54167 -1.040059e+00
-1.52083 -9.098759e-01
-1.5 -7.325478e-01
-1.47917 -5.112832e-01
-1.45833 -2.518150e-01
-1.4375  3.788001e-02
-1.41667  3.479802e-01
-1.39583  6.673070e-01
-1.375  9.838708e-01
-1.35417  1.285441e+00
-1.33333  1.560117e+00
-1.3125  1.796866e+00
-1.29167  1.986014e+00
-1.27083  2.119677e+00
-1.25  2.192106e+00
-1.22917  2.199946e+00
-1.20833  2.142409e+00
-1.1875  2.021328e+00
-1.16667  1.841123e+00
-1.14583  1.608643e+00
-1.125  1.332900e+00
-1.10417  1.024705e+00
-1.08333  6.961896e-01
-1.0625  3.602543e-01
-1.04167  2.994994e-02
-1.02083 -2.821759e-01
-1 -5.647297e-01
-0.979167 -8.080839e-01
-0.958333 -1.004907e+00
-0.9375 -1.150570e+00
-0.916667 -1.243402e+00
-0.895833 -1.284762e+00
-0.875 -1.278910e+00
-0.854167 -1.232699e+00
-0.833333 -1.155067e+00
-0.8125 -1.056402e+00
-0.791667 -9.477841e-01
-0.770833 -8.401884e-01
-0.75 -7.436840e-01
-0.729167 -6.667039e-01
-0.708333 -6.154330e-01
-0.6875 -5.933607e-01
-0.666667 -6.010324e-01
-0.645833 -6.360164e-01
-0.625 -6.930870e-01
-0.604167 -7.646090e-01
-0.583333 -8.410928e-01
-0.5625 -9.118794e-01
-0.541667 -9.659050e-01
-0.520833 -9.924927e-01
-0.5 -9.821187e-01
-0.479167 -9.271040e-01
-0.458333 -8.221904e-01
-0.4375 -6.649702e-01
-0.416667 -4.561458e-01
-0.395833 -1.996098e-01
-0.375  9.765497e-02
-0.354167  4.258488e-01
-0.333333  7.727848e-01
-0.3125  1.124454e+00
-0.291667  1.465699e+00
-0.270833  1.780962e+00
-0.25  2.055082e+00
-0.229167  2.274095e+00
-0.208333  2.426006e+00
-0.1875  2.501490e+00
-0.166667  2.494487e+00
-0.145833  2.402653e+00
-0.125  2.227629e+00
-0.104167  1.975113e+00
-0.0833333  1.654702e+00
-0.0625  1.279510e+00
-0.0416667  8.655659e-01
-0.0208333  4.310109e-01
0 -4.864256e-03
0.0208333 -4.226908e-01
0.0416667 -8.041374e-01
0.0625 -1.132999e+00
0.0833333 -1.396185e+00
0.104167 -1.584529e+00
0.125 -1.693368e+00
0.145833 -1.722827e+00
0.166667 -1.677798e+00
0.1875 -1.567587e+00
0.208333 -1.405259e+00
0.229167 -1.206726e+00
0.25 -9.896180e-01
0.270833 -7.720459e-01
0.291667 -5.713179e-01
0.3125 -4.027193e-01
0.333333 -2.784354e-01
0.354167 -2.066989e-01
0.375 -1.912198e-01
0.395833 -2.309385e-01
0.416667 -3.201170e-01
0.4375 -4.487583e-01
0.458333 -6.033223e-01
0.479167 -7.676845e-01
0.5 -9.242714e-01
0.520833 -1.055292e+00
0.541667 -1.143987e+00
0.5625 -1.175808e+00
0.583333 -1.139467e+00
0.604167 -1.027771e+00
0.625 -8.382180e-01
0.645833 -5.732973e-01
0.666667 -2.404973e-01
0.6875  1.479922e-01
0.708333  5.758597e-01
0.729167  1.023506e+00
0.75  1.469088e+00
0.770833  1.889715e+00
0.791667  2.262743e+00
0.8125  2.567084e+00
0.833333  2.784475e+00
0.854167  2.900618e+00
0.875  2.906140e+00
0.895833  2.797283e+00
0.916667  2.576311e+00
0.9375  2.251557e+00
0.958333  1.837118e+00
0.979167  1.352195e+00
1  8.200896e-01
1.02083  2.669249e-01
1.04167 -2.798575e-01
1.0625 -7.931235e-01
1.08333 -1.247699e+00
1.10417 -1.621940e+00
1.125 -1.899106e+00
1.14583 -2.068450e+00
1.16667 -2.125917e+00
1.1875 -2.074424e+00
1.20833 -1.923661e+00
1.22917 -1.689437e+00
1.25 -1.392603e+00
1.27083 -1.057615e+00
1.29167 -7.108466e-01
1.3125 -3.787541e-01
1.33333 -8.604008e-02
1.35417  1.460683e-01
1.375  3.012956e-01
1.39583  3.694459e-01
1.41667  3.471035e-01
1.4375  2.378581e-01
1.45833  5.204111e-02
1.47917 -1.940050e-01
1.5 -4.790706e-01
1.52083 -7.785535e-01
1.54167 -1.066162e+00
1.5625 -1.315728e+00
1.58333 -1.503014e+00
1.60417 -1.607390e+00
1.625 -1.613273e+00
1.64583 -1.511255e+00
1.66667 -1.298825e+00
1.6875 -9.806734e-01
1.70833 -5.685351e-01
1.72917 -8.060709e-02
1.75  4.594426e-01
1.77083  1.023807e+00
1.79167  1.582139e+00
1.8125  2.103328e+00
1.83333  2.557354e+00
1.85417  2.917101e+00
1.875  3.160050e+00
1.89583  3.269723e+00
1.91667  3.236804e+00
1.9375  3.059855e+00
1.95833  2.745582e+00
1.97917  2.308609e+00
2  1.770765e+00
2.02083  1.159911e+00
2.04167  5.083676e-01
2.0625 -1.489841e-01
2.08333 -7.767979e-01
2.10417 -1.341442e+00
2.125 -1.813113e+00
2.14583 -2.167749e+00
2.16667 -2.388599e+00
2.1875 -2.467342e+00
2.20833 -2.404668e+00
2.22917 -2.210260e+00
2.25 -1.902169e+00
2.27083 -1.505626e+00
2.29167 -1.051342e+00
2.3125 -5.734241e-01
2.33333 -1.070504e-01
2.35417  3.139492e-01
2.375  6.594219e-01
2.39583  9.049726e-01
2.41667  1.033648e+00
2.4375  1.037104e+00
2.45833  9.161738e-01
2.47917  6.808047e-01
2.5  3.493586e-01
2.52083 -5.265848e-02
2.54167 -4.943562e-01
2.5625 -9.415788e-01
2.58333 -1.359240e+00
2.60417 -1.713710e+00
2.625 -1.975103e+00
2.64583 -2.119308e+00
2.66667 -2.129635e+00
2.6875 -1.997984e+00
2.70833 -1.725452e+00
2.72917 -1.322361e+00
2.75 -8.077001e-01
2.77083 -2.080304e-01
2.79167  4.440906e-01
2.8125  1.112055e+00
2.83333  1.757410e+00
2.85417  2.342193e+00
2.875  2.831258e+00
2.89583  3.194451e+00
2.91667  3.408515e+00
2.9375  3.458599e+00
2.95833  3.339288e+00
2.97917  3.055068e+00
3  2.620206e+00
3.02083  2.058025e+00
3.04167  1.399610e+00
3.0625  6.820141e-01
3.08333 -5.394759e-02
3.10417 -7.661776e-01
3.125 -1.413906e+00
3.14583 -1.960265e+00
3.16667 -2.374655e+00
3.1875 -2.634754e+00
3.20833 -2.728015e+00
3.22917 -2.652542e+00
3.25 -2.417281e+00
3.27083 -2.041480e+00
3.29167 -1.553467e+00
3.3125 -9.887833e-01
3.33333 -3.878271e-01
3.35417  2.068647e-01
3.375  7.534931e-01
3.39583  1.213842e+00
3.41667  1.555889e+00
3.4375  1.755995e+00
3.45833  1.800527e+00
3.47917  1.686784e+00
3.5  1.423178e+00
3.52083  1.028650e+00
3.54167  5.313626e-01
3.5625 -3.322861e-02
3.58333 -6.247952e-01
3.60417 -1.200873e+00
3.625 -1.719728e+00
3.64583 -2.143162e+00
3.66667 -2.439061e+00
3.6875 -2.583531e+00
3.70833 -2.562481e+00
3.72917 -2.372561e+00
3.75 -2.021403e+00
3.77083 -1.527157e+00
3.79167 -9.173626e-01
3.8125 -2.272377e-01
3.83333  5.025130e-01
3.85417  1.228220e+00
3.875  1.905957e+00
3.89583  2.494260e+00
3.91667  2.956705e+00
3.9375  3.264189e+00
3.95833  3.396770e+00
3.97917  3.344966e+00
4  3.110428e+00
4.02083  2.705940e+00
4.04167  2.154733e+00
4.0625  1.489161e+00
4.08333  7.487839e-01
4.10417 -2.201302e-02
4.125 -7.767409e-01
4.14583 -1.469701e+00
4.16667 -2.058876e+00
4.1875 -2.508627e+00
4.20833 -2.792033e+00
4.22917 -2.892691e+00
4.25 -2.805872e+00
4.27083 -2.538917e+00
4.29167 -2.110850e+00
4.3125 -1.551209e+00
4.33333 -8.981593e-01
4.35417 -1.960103e-01
4.375  5.077077e-01
4.39583  1.165408e+00
4.41667  1.732639e+00
4.4375  2.171081e+00
4.45833  2.451142e+00
4.47917  2.553955e+00
4.5  2.472666e+00
4.52083  2.212878e+00
4.54167  1.792267e+00
4.5625  1.239362e+00
4.58333  5.915942e-01
4.60417 -1.072413e-01
4.625 -8.099494e-01
4.64583 -1.469101e+00
4.66667 -2.040193e+00
4.6875 -2.484585e+00
4.70833 -2.772021e+00
4.72917 -2.882575e+00
4.75 -2.807901e+00
4.77083 -2.551712e+00
4.79167 -2.129486e+00
4.8125 -1.567403e+00
4.83333 -9.006308e-01
4.85417 -1.710404e-01
4.875  5.754699e-01
4.89583  1.291885e+00
4.91667  1.933035e+00
4.9375  2.458421e+00
4.95833  2.834749e+00
4.97917  3.038009e+00
5  3.054985e+00
5.02083  2.884104e+00
5.04167  2.535578e+00
5.0625  2.030815e+00
5.08333  1.401152e+00
5.10417  6.859532e-01
5.125 -6.979404e-02
5.14583 -8.182621e-01
5.16667 -1.511774e+00
5.1875 -2.105823e+00
5.20833 -2.561928e+00
5.22917 -2.850149e+00
5.25 -2.951089e+00
5.27083 -2.857247e+00
5.29167 -2.573620e+00
5.3125 -2.117497e+00
5.33333 -1.517445e+00
5.35417 -8.115391e-01
